seqNum	seqRNA	posSeq	posRX	areaRX	posBG	areaBG	areaDiff	normDiff	
4	U	1499	1493	44408.32	1490	9680.63	34727.69	0.27	
5	G	1490	1485	125468.85	1482	17629.29	107839.56	0.83	
6	G	1482	1477	320468.93	1474	52119.37	268349.57	2.06	
7	G	1473	1468	95118.78	1465	14873.11	80245.67	0.62	
8	U	1465	1457	210008.73	1455	80129.96	129878.77	1.0	
9	U	1454	1448	138106.9	1447	42198.22	95908.69	0.74	
10	G	1444	1439	90042.9	1439	5254.65	84788.25	0.65	
11	G	1437	1430	118567.42	1431	25710.29	92857.13	0.71	
12	G	1430	1423	135798.53	1423	32600.29	103198.24	0.79	
13	A	1422	1414	162508.81	1415	36609.79	125899.02	0.97	
14	A	1413	1402	123485.18	1403	21552.2	101932.98	0.78	
15	G	1403	1394	109438.69	1395	26488.01	82950.68	0.64	
16	U	1394	1387	118705.98	1387	24698.73	94007.25	0.72	
17	A	1387	1379	92380.13	1380	18836.84	73543.28	0.56	
18	U	1376	1370	77442.74	1372	21635.42	55807.32	0.43	
19	C	1367	1361	134552.11	1361	25975.61	108576.5	0.83	
20	A	1358	1352	112900.31	1353	24590.23	88310.08	0.68	
21	U	1348	1343	125720.84	1345	16140.88	109579.96	0.84	
22	G	1339	1335	101486.46	1336	19283.92	82202.53	0.63	
23	G	1331	1326	103391.03	1327	37137.83	66253.2	0.51	
24	C	1324	1318	75179.16	1318	18173.53	57005.63	0.44	
25	U	1314	1309	102986.55	1309	21679.21	81307.34	0.62	
26	A	1304	1300	105996.98	1299	20379.51	85617.47	0.66	
27	A	1297	1292	94430.62	1289	28883.16	65547.46	0.5	
28	U	1287	1281	175611.88	1279	22990.27	152621.61	1.17	
29	C	1279	1273	97301.51	1268	16264.24	81037.27	0.62	
30	A	1270	1263	46283.09	1263	1002.12	45280.97	0.35	
31	C	1260	1253	114842.53	1256	16218.09	98624.44	0.76	
32	C	1250	1244	52992.25	1245	45891.49	7100.75	0.05	
33	A	1241	1232	103377.41	1235	3791.58	99585.83	0.76	
34	U	1230	1224	148236.58	1225	25914.41	122322.17	0.94	
35	G	1221	1212	112091.67	1216	39413.59	72678.08	0.56	
36	A	1215	1203	90246.1	1206	16284.1	73962.0	0.57	
37	U	1206	1194	161628.89	1197	19761.71	141867.18	1.09	
38	G	1198	1189	8518.11	1189	53004.0	-44485.89	-0.34	
39	C	1189	1183	49748.45	1180	9871.19	39877.25	0.31	
40	A	1180	1173	109112.49	1171	27204.66	81907.83	0.63	
41	A	1171	1162	93528.62	1161	25355.14	68173.48	0.52	
42	U	1161	1153	91009.72	1151	33134.96	57874.76	0.44	
43	C	1152	1142	85549.28	1141	36435.58	49113.69	0.38	
44	G	1141	1134	76493.89	1133	16962.36	59531.53	0.46	
45	G	1133	1128	138189.04	1126	50642.02	87547.02	0.67	
46	G	1126	1119	41431.18	1117	15722.26	25708.92	0.2	
47	U	1118	1112	84387.22	1109	31881.83	52505.39	0.4	
48	U	1109	1104	103847.89	1102	39630.05	64217.84	0.49	
49	G	1102	1097	80591.45	1094	10495.55	70095.9	0.54	
50	A	1094	1088	104003.27	1085	19179.99	84823.28	0.65	
51	A	1085	1077	128423.39	1076	19006.32	109417.06	0.84	
52	C	1076	1067	87158.17	1067	28177.4	58980.77	0.45	
53	A	1068	1057	122198.06	1057	36616.73	85581.33	0.66	
54	C	1059	1047	37689.47	1048	11136.56	26552.91	0.2	
55	U	1050	1039	114564.99	1040	45857.92	68707.07	0.53	
56	U	1041	1030	91736.19	1032	32545.04	59191.15	0.45	
57	A	1033	1021	167750.11	1023	55104.21	112645.9	0.86	
58	A	1024	1012	102370.35	1014	75738.32	26632.03	0.2	
59	U	1014	1003	49405.25	1004	20003.26	29401.99	0.23	
60	U	1005	995	49905.06	996	7470.26	42434.8	0.33	
61	G	996	988	120760.22	988	17638.11	103122.11	0.79	
62	G	989	981	250642.67	981	61033.94	189608.73	1.46	
63	G	982	974	138419.65	974	76242.77	62176.88	0.48	
64	U	974	967	157453.08	967	68710.13	88742.95	0.68	
65	U	965	959	204972.6	959	103131.87	101840.73	0.78	
66	A	958	951	184615.44	950	70143.15	114472.29	0.88	
67	A	950	942	93416.99	941	16364.17	77052.82	0.59	
68	A	941	932	107322.09	931	32919.92	74402.17	0.57	
69	A	932	923	88606.4	921	27093.59	61512.82	0.47	
70	C	923	912	80959.19	911	38622.75	42336.44	0.32	
71	G	912	904	123467.36	903	38741.21	84726.15	0.65	
72	G	904	897	157926.79	895	45983.74	111943.05	0.86	
73	U	896	888	34237.71	887	14531.98	19705.73	0.15	
74	G	887	880	52419.99	880	11662.13	40757.87	0.31	
75	G	880	873	41287.98	873	3745.68	37542.3	0.29	
76	G	873	866	77483.53	866	18891.07	58592.45	0.45	
77	G	865	859	99006.08	859	20797.43	78208.65	0.6	
78	G	858	852	114552.53	852	24097.9	90454.63	0.69	
79	A	851	844	122680.64	843	17729.14	104951.51	0.81	
80	C	843	834	99924.55	834	28854.47	71070.08	0.55	
81	G	834	828	137064.53	828	31889.8	105174.73	0.81	
82	A	827	819	158357.59	819	27950.62	130406.96	1.0	
83	U	818	811	83721.59	811	11672.99	72048.6	0.55	
84	C	810	802	63175.48	802	19927.6	43247.88	0.33	
85	C	801	793	69960.78	793	37762.99	32197.8	0.25	
86	C	792	784	113366.1	783	56213.5	57152.59	0.44	
87	G	783	777	136630.06	777	25392.04	111238.02	0.85	
88	U	776	770	114628.4	770	31129.56	83498.84	0.64	
89	A	769	761	140644.18	761	29103.25	111540.93	0.86	
90	A	761	753	128338.29	753	27560.44	100777.85	0.77	
91	C	753	744	91182.39	744	28631.3	62551.09	0.48	
92	A	744	735	115529.1	735	21858.83	93670.27	0.72	
93	U	735	727	75058.37	727	15604.14	59454.23	0.46	
94	C	727	719	70889.08	719	19882.87	51006.21	0.39	
95	C	719	709	68521.88	710	22523.11	45998.77	0.35	
96	G	710	703	117110.58	703	28520.95	88589.63	0.68	
97	U	703	696	59834.35	695	15588.19	44246.16	0.34	
98	C	695	687	63525.4	686	29020.9	34504.5	0.26	
99	C	687	679	59511.47	679	28572.58	30938.89	0.24	
100	U	678	671	68246.2	671	18672.69	49573.51	0.38	
101	A	670	662	131935.26	662	32870.8	99064.46	0.76	
102	A	662	653	103632.92	652	29490.63	74142.28	0.57	
103	C	653	643	55209.08	643	15817.7	39391.38	0.3	
104	G	643	636	120764.5	636	23183.54	97580.96	0.75	
105	G	636	630	123664.49	629	28263.07	95401.41	0.73	
106	C	629	621	90917.82	620	25675.04	65242.78	0.5	
107	G	621	614	111958.09	614	20406.87	91551.22	0.7	
108	A	613	606	124400.98	605	22141.76	102259.23	0.78	
109	C	605	597	106486.23	596	36622.39	69863.85	0.54	
110	A	597	588	134231.51	588	21186.69	113044.82	0.87	
111	G	588	582	133207.35	582	27740.75	105466.6	0.81	
112	A	582	574	98518.92	573	16098.23	82420.69	0.63	
113	C	573	565	94783.91	565	24053.45	70730.46	0.54	
114	U	564	558	83686.99	557	21891.8	61795.18	0.47	
115	G	556	551	127903.71	551	18635.73	109267.97	0.84	
116	C	550	542	79439.72	542	21844.61	57595.11	0.44	
117	A	542	533	118924.58	533	23306.91	95617.67	0.73	
118	C	533	524	119894.19	524	36198.96	83695.23	0.64	
119	G	524	518	185188.3	518	31510.13	153678.17	1.18	
120	G	517	511	88896.1	512	8127.15	80768.95	0.62	
121	C	511	503	55246.18	503	8619.51	46626.68	0.36	
122	C	502	494	46948.31	494	23563.74	23384.57	0.18	
123	C	493	485	75550.57	485	20707.45	54843.12	0.42	
124	U	485	478	81217.95	478	21102.14	60115.8	0.46	
125	G	477	472	100889.84	472	12996.59	87893.25	0.67	
126	C	471	463	64299.07	463	20151.45	44147.62	0.34	
127	C	462	455	133067.16	455	44145.68	88921.48	0.68	
128	U	454	447	131876.89	447	61928.32	69948.57	0.54	
129	C	447	439	50562.8	438	16668.03	33894.77	0.26	
130	U	438	430	83755.0	430	30280.62	53474.38	0.41	
131	U	429	422	161270.86	421	60560.34	100710.52	0.77	
132	A	422	413	141565.79	413	27883.67	113682.11	0.87	
133	G	413	406	121788.64	406	28321.62	93467.02	0.72	
134	G	406	400	124044.5	400	23587.26	100457.24	0.77	
135	U	399	392	44927.98	392	25389.67	19538.3	0.15	
136	G	392	386	92404.05	386	17540.04	74864.02	0.57	
137	U	386	378	87456.98	379	26935.42	60521.57	0.46	
138	G	379	372	94740.02	372	18502.85	76237.18	0.59	
139	U	373	365	120647.84	365	30015.98	90631.86	0.7	
140	U	365	357	96997.49	358	33406.83	63590.66	0.49	
141	C	358	349	40252.26	350	4533.63	35718.62	0.27	
142	A	350	340	89776.94	341	18799.45	70977.48	0.54	
143	A	342	331	126298.5	333	24909.87	101388.62	0.78	
144	U	334	325	136598.45	327	51528.87	85069.58	0.65	
145	G	327	319	66112.18	321	12848.05	53264.13	0.41	
146	A	322	312	95733.96	313	24836.83	70897.13	0.54	
147	A	313	304	92604.85	304	23335.55	69269.3	0.53	
148	C	306	295	69588.48	296	33027.92	36560.56	0.28	
149	A	297	287	101707.45	287	25719.96	75987.49	0.58	
150	G	289	281	92199.5	281	17842.59	74356.91	0.57	
151	U	283	275	86216.13	275	18128.67	68087.46	0.52	
152	C	276	267	116837.39	268	36176.31	80661.08	0.62	
153	G	268	261	20779.38	263	2629.43	18149.95	0.14	
154	U	262	255	67735.62	256	15893.54	51842.08	0.4	
155	U	255	247	67467.28	248	11714.88	55752.4	0.43	
156	C	248	239	55478.46	239	18499.33	36979.13	0.28	
157	C	240	231	83087.41	232	27651.93	55435.48	0.43	
158	G	231	224	35152.01	223	2158.12	32993.89	0.25	
159	A	224	215	211076.63	216	78781.24	132295.39	1.02	
160	A	216	208	98147.26	209	34950.34	63196.91	0.49	
161	A	208	197	78850.76	198	14661.85	64188.91	0.49	
162	G	199	192	53767.47	193	13394.72	40372.75	0.31	
163	G	194	186	72136.89	188	14741.2	57395.69	0.44	
164	A	189	183	706.43	181	24677.66	-23971.23	-0.18	
165	A	182	177	219098.24	177	63309.3	155788.94	1.2	
166	G	176	170	109404.26	170	54976.31	54427.96	0.42	
167	C	170	162	101597.09	162	44364.98	57232.11	0.44	
168	A	162	157	168802.57	157	52399.32	116403.25	0.89	
169	U	154	151	161116.33	151	53873.36	107242.97	0.82	
170	C	147	136	118325.26	137	43670.05	74655.21	0.57	
171	C	142	129	106554.48	131	24504.58	82049.91	0.63	
172	G	130	123	77839.42	126	9579.84	68259.58	0.52	
173	G	126	118	1698.71	121	13647.19	-11948.47	-0.09	
174	U	121	114	87481.75	114	18963.68	68518.07	0.53	
175	A	117	107	120556.05	107	22297.35	98258.71	0.75	
176	U	108	99	117325.69	103	397.2	116928.49	0.9	
177	C	102	93	16424.74	98	23350.55	-6925.82	-0.05	
178	C	94	90	41681.35	89	9103.32	32578.04	0.25	
179	C	87	81	68732.17	81	25930.45	42801.71	0.33	
180	A	78	73	106087.51	73	22232.31	83855.2	0.64	
181	A	70	65	103302.91	66	13038.02	90264.89	0.69	
182	G	64	60	93796.91	61	23499.88	70297.03	0.54	
183	A	60	53	94528.83	53	29645.72	64883.11	0.5	
184	C	53	46	82083.46	46	31643.53	50439.93	0.39	
185	A	46	40	73368.55	40	18603.95	54764.61	0.42	
186	A	38	32	63117.52	32	18782.13	44335.39	0.34	
187	U	31	26	50332.11	27	23657.05	26675.06	0.2	
