seqNum	seqRNA	posSeq	posRX	areaRX	posBG	areaBG	areaDiff	normDiff	
4	U	1461	1453	22725.13	1453	4104.55	18620.58	0.19	
5	G	1453	1444	11665.04	1444	2040.11	9624.93	0.1	
6	G	1444	1437	82042.87	1436	1518.53	80524.34	0.82	
7	G	1435	1428	22102.32	1428	2330.77	19771.55	0.2	
8	U	1427	1419	41836.32	1418	1312.76	40523.56	0.41	
9	U	1419	1410	41994.84	1409	2517.44	39477.4	0.4	
10	G	1411	1402	7106.74	1396	2843.99	4262.75	0.04	
11	G	1399	1394	18707.07	1391	3697.94	15009.14	0.15	
12	G	1392	1386	58541.79	1386	8216.18	50325.61	0.51	
13	A	1388	1377	106372.53	1377	7008.95	99363.58	1.01	
14	A	1376	1368	153592.03	1367	4365.34	149226.69	1.52	
15	G	1368	1360	37236.46	1359	3106.95	34129.5	0.35	
16	U	1361	1352	30084.66	1352	3749.3	26335.36	0.27	
17	A	1352	1342	17729.55	1343	1571.34	16158.2	0.16	
18	U	1341	1333	8318.27	1331	648.38	7669.88	0.08	
19	C	1332	1324	12022.65	1324	3141.28	8881.37	0.09	
20	A	1323	1315	9123.54	1311	1428.53	7695.01	0.08	
21	U	1310	1306	10879.95	1305	3533.57	7346.37	0.07	
22	G	1297	1298	4916.66	1298	832.53	4084.13	0.04	
23	G	1292	1291	8242.73	1289	954.56	7288.17	0.07	
24	C	1288	1281	28315.26	1281	3400.26	24915.0	0.25	
25	U	1283	1273	45685.9	1274	1396.39	44289.51	0.45	
26	A	1279	1264	112363.39	1265	2304.37	110059.02	1.12	
27	A	1271	1255	93248.05	1255	1408.02	91840.03	0.94	
28	U	1256	1247	66309.13	1242	913.7	65395.43	0.67	
29	C	1248	1238	51095.63	1237	5434.0	45661.63	0.47	
30	A	1237	1228	38397.53	1228	1331.91	37065.62	0.38	
31	C	1227	1219	11408.3	1218	2357.98	9050.33	0.09	
32	C	1216	1210	20379.17	1209	5324.91	15054.26	0.15	
33	A	1211	1201	4756.2	1203	473.56	4282.64	0.04	
34	U	1202	1192	7977.12	1191	2170.38	5806.73	0.06	
35	G	1188	1184	16535.05	1184	4365.01	12170.04	0.12	
36	A	1184	1175	11242.1	1175	806.96	10435.15	0.11	
37	U	1174	1167	12516.41	1167	1589.9	10926.51	0.11	
38	G	1165	1160	27732.75	1159	2889.94	24842.81	0.25	
39	C	1159	1151	14307.76	1150	3382.66	10925.1	0.11	
40	A	1151	1141	57911.76	1142	3208.22	54703.55	0.56	
41	A	1144	1132	70367.54	1133	1779.65	68587.9	0.7	
42	U	1134	1123	57237.98	1123	1877.1	55360.88	0.56	
43	C	1124	1113	48309.36	1113	13082.52	35226.84	0.36	
44	G	1113	1106	9046.35	1104	5004.03	4042.32	0.04	
45	G	1106	1099	40620.62	1099	11466.95	29153.67	0.3	
46	G	1098	1092	29181.51	1093	15355.15	13826.36	0.14	
47	U	1090	1085	60073.57	1087	9101.07	50972.51	0.52	
48	U	1084	1078	65983.09	1077	4963.6	61019.49	0.62	
49	G	1077	1071	75785.85	1070	3875.1	71910.75	0.73	
50	A	1069	1064	76308.81	1062	2549.32	73759.49	0.75	
51	A	1062	1056	81976.99	1048	4008.78	77968.21	0.79	
52	C	1050	1048	77589.79	1043	24304.59	53285.2	0.54	
53	A	1042	1040	79951.55	1034	4413.56	75537.99	0.77	
54	C	1034	1032	31117.64	1025	5430.36	25687.29	0.26	
55	U	1022	1024	48234.18	1017	1567.41	46666.77	0.48	
56	U	1018	1017	52664.02	1009	2923.06	49740.96	0.51	
57	A	1009	1009	115831.53	999	4405.68	111425.84	1.14	
58	A	998	1001	88057.86	991	41054.0	47003.86	0.48	
59	U	990	993	46624.16	983	16995.63	29628.54	0.3	
60	U	982	986	34263.94	973	984.73	33279.2	0.34	
61	G	976	979	39035.08	965	2768.14	36266.94	0.37	
62	G	966	973	99200.93	958	8804.68	90396.26	0.92	
63	G	958	966	221612.07	952	35936.0	185676.07	1.89	
64	U	951	959	73792.4	944	6992.78	66799.62	0.68	
65	U	942	952	133885.32	936	21413.23	112472.09	1.15	
66	A	935	942	123857.78	927	22624.86	101232.92	1.03	
67	A	927	930	76993.3	918	3346.77	73646.53	0.75	
68	A	920	918	99394.87	909	2879.4	96515.47	0.98	
69	A	907	906	91180.87	899	1969.98	89210.89	0.91	
70	C	898	893	66678.54	889	13311.83	53366.71	0.54	
71	G	888	883	53255.11	881	3080.81	50174.3	0.51	
72	G	879	875	78246.05	874	2185.17	76060.88	0.78	
73	U	872	866	14831.08	867	1385.53	13445.55	0.14	
74	G	865	859	23827.19	858	847.85	22979.34	0.23	
75	G	856	852	26091.35	848	8199.99	17891.37	0.18	
76	G	849	845	77918.4	844	17699.87	60218.53	0.61	
77	G	842	838	72221.19	838	30389.67	41831.52	0.43	
78	G	837	831	68392.13	831	9280.38	59111.75	0.6	
79	A	831	823	79792.84	823	1519.88	78272.96	0.8	
80	C	823	814	42685.14	815	12591.08	30094.06	0.31	
81	G	815	808	71733.24	808	7281.04	64452.2	0.66	
82	A	807	799	97018.84	800	3033.52	93985.32	0.96	
83	U	798	791	57645.78	791	3033.21	54612.56	0.56	
84	C	791	783	43143.47	783	17459.42	25684.05	0.26	
85	C	783	774	75818.05	775	42098.55	33719.5	0.34	
86	C	774	765	115560.86	766	114974.75	586.11	0.01	
87	G	765	759	77265.56	759	8432.68	68832.88	0.7	
88	U	758	752	61069.3	753	3919.05	57150.25	0.58	
89	A	753	744	101609.16	745	2869.88	98739.28	1.01	
90	A	744	736	79070.9	736	1838.01	77232.88	0.79	
91	C	736	728	45586.55	729	4908.6	40677.95	0.41	
92	A	728	720	74999.09	720	1947.54	73051.54	0.74	
93	U	720	712	44353.98	712	711.33	43642.66	0.44	
94	C	712	704	32267.74	704	2351.21	29916.54	0.31	
95	C	703	695	35665.29	696	14654.56	21010.73	0.21	
96	G	695	689	55565.03	689	13197.24	42367.79	0.43	
97	U	688	682	34303.73	682	3478.05	30825.68	0.31	
98	C	681	673	30532.88	673	5133.56	25399.33	0.26	
99	C	672	665	29825.22	665	2791.37	27033.85	0.28	
100	U	663	657	59268.35	656	2226.59	57041.75	0.58	
101	A	655	648	99390.41	647	3201.5	96188.91	0.98	
102	A	646	639	69009.63	639	1757.03	67252.59	0.69	
103	C	637	630	33211.3	629	9355.78	23855.51	0.24	
104	G	628	623	47306.44	622	4066.68	43239.76	0.44	
105	G	621	616	64608.82	615	7378.74	57230.08	0.58	
106	C	615	607	67965.53	606	26310.36	41655.17	0.42	
107	G	606	600	56651.32	599	5698.75	50952.58	0.52	
108	A	599	592	59026.57	590	2771.5	56255.07	0.57	
109	C	591	583	52450.91	582	18856.87	33594.03	0.34	
110	A	582	574	84870.03	574	4779.46	80090.58	0.82	
111	G	574	568	77319.34	568	3612.1	73707.23	0.75	
112	A	568	560	56794.85	559	1945.05	54849.8	0.56	
113	C	560	551	54676.65	551	16220.47	38456.18	0.39	
114	U	551	544	38658.96	544	3773.51	34885.45	0.36	
115	G	543	537	76626.59	538	3114.74	73511.84	0.75	
116	C	537	529	39764.62	530	11402.51	28362.11	0.29	
117	A	529	521	66408.99	521	3852.68	62556.31	0.64	
118	C	520	512	59301.0	513	24610.35	34690.65	0.35	
119	G	512	506	86628.47	506	6589.42	80039.05	0.82	
120	G	505	499	47896.33	500	3000.78	44895.54	0.46	
121	C	499	491	17274.06	491	2333.18	14940.88	0.15	
122	C	490	483	15911.04	483	5510.05	10400.99	0.11	
123	C	482	474	30319.05	475	10074.24	20244.81	0.21	
124	U	474	467	31182.72	467	2193.2	28989.52	0.3	
125	G	466	461	29907.73	461	758.35	29149.38	0.3	
126	C	461	453	36973.81	453	21988.21	14985.6	0.15	
127	C	452	445	131934.2	445	124876.13	7058.07	0.07	
128	U	445	437	69463.03	437	15214.58	54248.45	0.55	
129	C	437	429	33181.85	429	5288.73	27893.12	0.28	
130	U	428	421	41364.39	421	2968.3	38396.09	0.39	
131	U	420	413	71502.72	413	8248.44	63254.29	0.64	
132	A	412	404	72172.24	404	2549.88	69622.36	0.71	
133	G	403	398	46997.89	398	1845.34	45152.55	0.46	
134	G	397	392	77867.19	391	2671.53	75195.65	0.77	
135	U	391	384	7947.57	384	1190.05	6757.52	0.07	
136	G	383	378	59738.75	378	1051.09	58687.65	0.6	
137	U	377	371	26435.51	371	2294.84	24140.67	0.25	
138	G	370	365	65923.68	365	5149.78	60773.91	0.62	
139	U	364	358	54307.0	357	2445.89	51861.11	0.53	
140	U	357	351	40041.35	350	1366.33	38675.02	0.39	
141	C	350	343	26064.97	342	2071.26	23993.71	0.24	
142	A	343	335	59413.34	335	2005.04	57408.29	0.59	
143	A	335	327	74677.43	327	2390.96	72286.47	0.74	
144	U	326	321	57989.07	321	3623.79	54365.27	0.55	
145	G	321	315	45251.3	315	2716.07	42535.23	0.43	
146	A	315	308	52228.05	308	2314.28	49913.77	0.51	
147	A	307	300	51318.5	300	2270.17	49048.34	0.5	
148	C	299	292	40407.26	292	6247.42	34159.85	0.35	
149	A	291	284	90203.21	284	2650.76	87552.44	0.89	
150	G	283	278	79546.43	277	2650.84	76895.59	0.78	
151	U	277	272	64868.99	272	1053.04	63815.95	0.65	
152	C	272	265	60395.47	264	7153.1	53242.37	0.54	
153	G	263	259	23490.9	258	2176.87	21314.02	0.22	
154	U	257	252	23543.3	251	1330.05	22213.25	0.23	
155	U	250	245	22100.4	244	942.88	21157.52	0.22	
156	C	243	237	17790.08	236	3212.18	14577.9	0.15	
157	C	235	229	22967.64	228	2634.66	20332.98	0.21	
158	G	227	222	23206.0	220	2277.18	20928.83	0.21	
159	A	221	214	124066.96	213	27392.14	96674.82	0.99	
160	A	213	207	57442.3	206	3202.08	54240.23	0.55	
161	A	206	198	44071.06	199	2406.46	41664.6	0.42	
162	G	198	193	19270.0	193	1030.39	18239.61	0.19	
163	G	192	188	24317.84	188	2332.42	21985.41	0.22	
164	A	188	181	33992.66	181	3612.38	30380.29	0.31	
165	A	180	173	33048.56	176	1008.49	32040.07	0.33	
166	G	174	168	109229.55	169	35491.5	73738.04	0.75	
167	C	168	161	42634.71	162	8826.62	33808.1	0.34	
168	A	161	153	62696.24	155	1913.78	60782.45	0.62	
169	U	153	145	198608.72	147	137176.01	61432.7	0.63	
170	C	146	137	45718.75	139	12829.29	32889.46	0.34	
171	C	136	128	65315.42	130	17008.2	48307.23	0.49	
172	G	130	120	71338.02	123	7039.53	64298.48	0.66	
173	G	121	114	42884.98	117	4866.65	38018.33	0.39	
174	U	115	107	59438.6	109	5065.93	54372.66	0.55	
175	A	108	100	34916.1	102	4434.95	30481.14	0.31	
176	U	103	92	31955.26	94	6789.38	25165.88	0.26	
177	C	94	85	15203.06	88	3436.23	11766.83	0.12	
178	C	85	77	24548.63	79	12537.04	12011.58	0.12	
179	C	78	70	42583.36	72	6239.07	36344.29	0.37	
180	A	71	63	32212.92	66	3476.73	28736.2	0.29	
181	A	65	59	39479.17	61	3147.65	36331.52	0.37	
182	G	60	51	35665.98	57	51.32	35614.66	0.36	
183	A	54	45	49064.82	47	18340.89	30723.92	0.31	
184	C	47	39	37205.0	41	6293.52	30911.49	0.32	
185	A	39	31	48945.28	33	5625.62	43319.66	0.44	
186	A	32	26	64102.36	27	12704.24	51398.13	0.52	
187	U	27	20	61027.14	21	34311.98	26715.17	0.27	
