seqNum	seqRNA	posSeq	posRX	areaRX	posBG	areaBG	areaDiff	normDiff	
5	G	1876	1859	23260.72	1859	3430.51	19830.21	0.21	
6	G	1866	1850	81699.11	1850	16986.43	64712.68	0.69	
7	G	1854	1840	36279.62	1840	5804.76	30474.85	0.32	
8	U	1844	1829	90822.43	1829	16401.02	74421.41	0.79	
9	U	1833	1819	79300.31	1819	18216.88	61083.43	0.65	
10	G	1821	1809	19554.76	1809	2702.13	16852.63	0.18	
11	G	1812	1801	26650.11	1801	4695.48	21954.63	0.23	
12	G	1801	1792	66190.43	1792	12820.82	53369.61	0.57	
13	A	1791	1782	96977.48	1782	15813.93	81163.56	0.86	
14	A	1780	1769	148735.94	1769	17965.76	130770.18	1.39	
15	G	1767	1758	56369.48	1758	9123.88	47245.6	0.5	
16	U	1757	1746	47859.04	1746	9255.26	38603.78	0.41	
17	A	1747	1732	28017.2	1733	4361.39	23655.82	0.25	
18	U	1732	1720	19178.47	1720	2647.45	16531.02	0.18	
19	C	1721	1706	20194.55	1707	5643.89	14550.67	0.16	
20	A	1708	1694	21204.4	1693	4141.6	17062.8	0.18	
21	U	1695	1682	22209.55	1681	6794.95	15414.61	0.16	
22	G	1683	1671	16110.85	1671	3553.17	12557.68	0.13	
23	G	1672	1661	17797.22	1661	3248.14	14549.08	0.16	
24	C	1662	1650	44694.59	1650	10134.6	34559.99	0.37	
25	U	1649	1639	58797.04	1640	9262.9	49534.14	0.53	
26	A	1638	1628	101842.64	1628	10065.04	91777.6	0.98	
27	A	1627	1617	82200.32	1617	9117.21	73083.11	0.78	
28	U	1614	1606	65671.56	1606	12781.4	52890.16	0.56	
29	C	1603	1595	61062.42	1595	12010.81	49051.62	0.52	
30	A	1593	1583	37823.26	1584	3813.42	34009.84	0.36	
31	C	1582	1572	14681.67	1571	3849.69	10831.98	0.12	
32	C	1570	1560	26908.21	1560	8450.45	18457.76	0.2	
33	A	1559	1548	12501.67	1548	1550.48	10951.19	0.12	
34	U	1546	1538	15713.64	1538	4376.05	11337.59	0.12	
35	G	1535	1529	23958.22	1529	6916.05	17042.17	0.18	
36	A	1527	1517	21680.1	1517	2956.24	18723.87	0.2	
37	U	1515	1507	25063.97	1507	4161.62	20902.35	0.22	
38	G	1503	1497	56262.33	1497	7204.98	49057.35	0.52	
39	C	1494	1485	30619.46	1485	8713.97	21905.48	0.23	
40	A	1482	1474	73514.71	1473	10105.17	63409.54	0.68	
41	A	1471	1461	88578.54	1461	10650.87	77927.67	0.83	
42	U	1458	1449	69718.87	1449	13987.88	55730.99	0.59	
43	C	1448	1436	59559.91	1436	24779.83	34780.08	0.37	
44	G	1435	1426	17672.06	1425	3591.35	14080.7	0.15	
45	G	1425	1416	48971.62	1416	14442.34	34529.28	0.37	
46	G	1416	1406	38778.98	1406	23259.83	15519.15	0.17	
47	U	1406	1396	69482.94	1396	12174.34	57308.6	0.61	
48	U	1395	1386	102415.19	1387	15532.08	86883.11	0.93	
49	G	1386	1377	99438.13	1377	8251.77	91186.35	0.97	
50	A	1376	1366	89342.23	1367	7826.05	81516.19	0.87	
51	A	1366	1355	80389.77	1355	7776.76	72613.01	0.77	
52	C	1354	1344	66951.95	1345	21201.36	45750.59	0.49	
53	A	1344	1333	87396.01	1333	10379.55	77016.46	0.82	
54	C	1333	1322	29222.73	1322	7041.45	22181.27	0.24	
55	U	1321	1312	65380.44	1312	11338.83	54041.61	0.58	
56	U	1311	1301	67943.17	1302	13151.99	54791.18	0.58	
57	A	1301	1290	147038.9	1290	21191.93	125846.97	1.34	
58	A	1290	1279	191614.26	1279	65928.79	125685.47	1.34	
59	U	1278	1269	94383.02	1269	63687.58	30695.44	0.33	
60	U	1268	1258	43456.47	1258	12158.44	31298.03	0.33	
61	G	1257	1248	35385.34	1248	7745.73	27639.61	0.29	
62	G	1248	1240	77927.88	1240	17572.54	60355.34	0.64	
63	G	1238	1230	128439.83	1231	85767.45	42672.38	0.45	
64	U	1229	1221	85979.86	1221	21363.61	64616.24	0.69	
65	U	1219	1211	151920.14	1211	35971.52	115948.62	1.24	
66	A	1210	1201	172931.13	1201	76496.2	96434.93	1.03	
67	A	1200	1190	80622.19	1190	14393.23	66228.97	0.71	
68	A	1189	1178	74774.37	1178	8795.73	65978.64	0.7	
69	A	1177	1167	64899.24	1167	5294.53	59604.71	0.64	
70	C	1165	1154	51664.34	1154	12997.55	38666.79	0.41	
71	G	1153	1145	51142.19	1145	8676.96	42465.23	0.45	
72	G	1143	1135	86135.38	1135	12586.93	73548.45	0.78	
73	U	1134	1123	17073.7	1123	4137.81	12935.89	0.14	
74	G	1123	1112	20363.51	1112	3182.53	17180.98	0.18	
75	G	1113	1101	23920.8	1101	4389.2	19531.59	0.21	
76	G	1105	1091	40892.2	1091	25888.15	15004.06	0.16	
77	G	1096	1081	40588.13	1081	21671.66	18916.47	0.2	
78	G	1087	1071	61391.65	1071	17905.14	43486.5	0.46	
79	A	1079	1059	72930.17	1059	8615.48	64314.68	0.69	
80	C	1068	1049	51250.38	1049	17222.62	34027.77	0.36	
81	G	1057	1042	62668.97	1041	10449.47	52219.5	0.56	
82	A	1049	1032	65562.24	1032	7337.73	58224.51	0.62	
83	U	1038	1023	50184.15	1023	6653.74	43530.41	0.46	
84	C	1028	1013	42477.44	1013	19016.27	23461.17	0.25	
85	C	1018	1003	52873.08	1003	37279.83	15593.25	0.17	
86	C	1007	994	100338.02	993	122832.23	-22494.21	-0.24	
87	G	997	986	77147.24	985	18086.96	59060.29	0.63	
88	U	987	978	59692.33	978	10933.86	48758.48	0.52	
89	A	979	969	78442.82	969	9657.39	68785.43	0.73	
90	A	969	960	67291.16	960	8906.92	58384.24	0.62	
91	C	960	950	42442.39	950	9587.77	32854.62	0.35	
92	A	949	940	58304.03	940	6643.61	51660.42	0.55	
93	U	938	930	45868.74	930	5998.22	39870.52	0.42	
94	C	930	920	35826.47	920	7345.48	28480.99	0.3	
95	C	919	909	35301.65	909	14191.15	21110.5	0.22	
96	G	908	900	54108.44	900	9742.02	44366.41	0.47	
97	U	899	891	33348.81	891	4537.64	28811.16	0.31	
98	C	890	880	31332.3	881	6214.71	25117.59	0.27	
99	C	880	870	34428.72	871	7689.25	26739.47	0.28	
100	U	869	861	50555.78	861	8480.46	42075.32	0.45	
101	A	860	850	78544.04	850	9232.84	69311.2	0.74	
102	A	850	839	54224.22	839	6737.35	47486.87	0.51	
103	C	839	828	32491.74	828	10447.14	22044.6	0.23	
104	G	827	820	43164.22	820	6828.84	36335.38	0.39	
105	G	819	812	55058.64	812	8872.02	46186.62	0.49	
106	C	810	801	47419.28	801	12437.04	34982.24	0.37	
107	G	800	792	62058.73	792	8612.43	53446.31	0.57	
108	A	791	782	61738.57	782	8793.53	52945.04	0.56	
109	C	781	771	49573.96	771	14296.83	35277.13	0.38	
110	A	771	760	80071.13	761	9546.74	70524.39	0.75	
111	G	761	752	71261.98	753	8733.79	62528.19	0.67	
112	A	753	742	53278.63	742	5834.64	47443.99	0.51	
113	C	742	732	48407.89	732	13034.48	35373.41	0.38	
114	U	732	723	43791.32	723	7932.13	35859.19	0.38	
115	G	722	715	67370.76	715	7906.52	59464.24	0.63	
116	C	715	705	41761.51	705	10609.39	31152.12	0.33	
117	A	705	695	61768.24	695	7935.89	53832.34	0.57	
118	C	695	685	56649.73	685	22014.83	34634.9	0.37	
119	G	684	678	68416.33	678	9503.51	58912.82	0.63	
120	G	676	670	33803.92	670	4311.5	29492.42	0.31	
121	C	668	660	16122.27	660	2969.71	13152.56	0.14	
122	C	658	649	15541.76	649	6759.32	8782.44	0.09	
123	C	648	638	27210.71	639	10669.89	16540.81	0.18	
124	U	637	629	29849.11	629	6714.61	23134.51	0.25	
125	G	628	621	40094.72	620	5407.84	34686.88	0.37	
126	C	620	610	32806.12	610	27291.47	5514.65	0.06	
127	C	610	600	85407.73	600	114492.22	-29084.49	-0.31	
128	U	600	591	59610.3	591	18097.24	41513.07	0.44	
129	C	590	580	30665.73	581	7156.23	23509.5	0.25	
130	U	580	571	38763.14	571	8452.06	30311.08	0.32	
131	U	570	561	67657.92	561	15029.8	52628.12	0.56	
132	A	560	550	65433.96	550	7164.64	58269.32	0.62	
133	G	550	542	52651.0	542	6295.1	46355.91	0.49	
134	G	541	535	58415.75	534	5400.93	53014.83	0.56	
135	U	533	525	17429.15	525	4680.17	12748.98	0.14	
136	G	525	518	50931.63	518	3964.02	46967.61	0.5	
137	U	517	509	33692.5	509	4707.44	28985.06	0.31	
138	G	509	502	50099.32	502	5114.48	44984.84	0.48	
139	U	501	494	47764.06	493	5557.2	42206.86	0.45	
140	U	492	485	45600.75	484	7634.78	37965.97	0.4	
141	C	484	475	22344.54	475	4179.45	18165.09	0.19	
142	A	474	465	46951.37	465	5120.35	41831.01	0.45	
143	A	465	456	60052.11	456	6583.41	53468.7	0.57	
144	U	454	448	74276.16	448	12653.03	61623.13	0.66	
145	G	446	440	63537.3	440	9130.9	54406.4	0.58	
146	A	439	430	60530.1	431	8663.98	51866.11	0.55	
147	A	430	420	60276.49	420	7479.84	52796.65	0.56	
148	C	420	409	43653.85	410	10274.79	33379.06	0.36	
149	A	410	399	70438.27	399	9458.3	60979.97	0.65	
150	G	400	391	65223.67	391	6882.7	58340.97	0.62	
151	U	392	383	57445.64	383	5241.21	52204.43	0.56	
152	C	384	373	79922.07	373	11654.0	68268.07	0.73	
153	G	374	366	30863.74	366	7467.44	23396.3	0.25	
154	U	366	358	31635.2	358	4446.83	27188.37	0.29	
155	U	358	349	30156.24	349	3079.35	27076.89	0.29	
156	C	349	339	22960.36	339	4684.34	18276.03	0.19	
157	C	340	330	32135.15	330	7779.63	24355.53	0.26	
158	G	330	322	30072.43	322	5040.85	25031.58	0.27	
159	A	322	313	54258.81	313	6255.17	48003.64	0.51	
160	A	312	303	53291.66	303	6259.83	47031.82	0.5	
161	A	303	294	35554.6	293	1610.07	33944.53	0.36	
162	G	293	287	37104.17	287	3626.78	33477.39	0.36	
163	G	287	281	31760.74	281	4182.44	27578.3	0.29	
164	A	281	273	39276.05	273	4572.87	34703.17	0.37	
165	A	272	263	72329.75	265	7691.15	64638.6	0.69	
166	G	264	258	449157.61	258	201991.15	247166.46	2.63	
167	C	257	249	91721.69	249	31435.81	60285.89	0.64	
168	A	248	239	100835.27	240	26655.64	74179.63	0.79	
169	U	238	232	393888.14	232	268171.51	125716.64	1.34	
170	C	230	221	134266.92	225	48268.73	85998.19	0.92	
171	C	220	211	74037.0	212	21791.52	52245.48	0.56	
172	G	210	205	64552.23	205	8550.86	56001.37	0.6	
173	G	203	199	72776.26	199	7444.44	65331.82	0.7	
174	U	199	192	53633.08	192	6201.59	47431.5	0.51	
175	A	192	183	73890.18	183	6541.74	67348.44	0.72	
176	U	183	175	49074.5	175	6563.65	42510.84	0.45	
177	C	176	165	30558.77	166	5893.97	24664.8	0.26	
178	C	165	156	19432.35	156	2907.69	16524.65	0.18	
179	C	157	147	23707.77	147	7980.75	15727.02	0.17	
180	A	146	138	49802.57	139	6010.33	43792.24	0.47	
181	A	137	129	46948.68	129	6186.0	40762.68	0.43	
182	G	128	124	50426.7	123	3969.19	46457.51	0.5	
183	A	123	116	43076.84	115	3411.16	39665.68	0.42	
184	C	115	107	39625.15	107	14275.44	25349.7	0.27	
185	A	106	99	49360.57	99	7438.84	41921.73	0.45	
186	A	99	91	52006.18	91	6389.26	45616.91	0.49	
187	U	91	84	61587.96	84	14114.7	47473.26	0.51	
