seqNum	seqRNA	posSeq	posRX	areaRX	posBG	areaBG	areaDiff	normDiff	
4	U	1499	1485	5552.98	1489	6443.84	-890.86	0.0	
5	G	1490	1480	30932.71	1480	6170.99	24761.72	0.09	
6	G	1482	1475	234203.59	1473	29737.31	204466.28	0.72	
7	G	1473	1467	72718.59	1464	12913.96	59804.63	0.21	
8	U	1465	1457	170367.25	1455	61864.64	108502.6	0.38	
9	U	1454	1447	123895.73	1447	25781.75	98113.98	0.34	
10	G	1444	1437	30571.96	1437	2125.98	28445.98	0.1	
11	G	1437	1430	71800.18	1431	11527.03	60273.14	0.21	
12	G	1430	1422	206611.06	1423	26747.27	179863.78	0.63	
13	A	1422	1413	306462.26	1414	32469.75	273992.51	0.96	
14	A	1413	1403	401850.01	1404	31686.55	370163.46	1.3	
15	G	1403	1395	158952.71	1396	13306.15	145646.55	0.51	
16	U	1394	1387	126730.52	1387	16057.81	110672.71	0.39	
17	A	1387	1377	78906.14	1377	8971.0	69935.14	0.24	
18	U	1376	1368	33239.35	1368	6462.9	26776.45	0.09	
19	C	1367	1358	60318.18	1358	11303.63	49014.55	0.17	
20	A	1358	1349	58083.02	1348	7329.62	50753.4	0.18	
21	U	1348	1340	62055.79	1339	12357.96	49697.83	0.17	
22	G	1339	1332	48182.89	1331	6048.75	42134.14	0.15	
23	G	1331	1323	54626.87	1323	7683.98	46942.89	0.16	
24	C	1324	1315	120947.97	1314	24290.94	96657.03	0.34	
25	U	1314	1307	153816.15	1306	15420.22	138395.93	0.48	
26	A	1304	1298	257237.48	1297	19410.84	237826.64	0.83	
27	A	1297	1288	212605.3	1288	15892.76	196712.54	0.69	
28	U	1287	1280	141905.58	1280	21971.49	119934.09	0.42	
29	C	1279	1271	108419.9	1271	17896.35	90523.54	0.32	
30	A	1270	1261	82117.62	1261	7698.6	74419.01	0.26	
31	C	1260	1252	29571.19	1252	6799.22	22771.97	0.08	
32	C	1250	1241	63554.18	1242	16030.63	47523.54	0.17	
33	A	1241	1232	37342.16	1233	1499.87	35842.29	0.13	
34	U	1230	1223	42477.48	1224	7745.21	34732.27	0.12	
35	G	1221	1216	80715.55	1216	15708.34	65007.21	0.23	
36	A	1215	1207	72689.5	1207	5899.91	66789.6	0.23	
37	U	1206	1198	70229.41	1198	9938.26	60291.15	0.21	
38	G	1198	1191	169454.17	1190	23211.42	146242.75	0.51	
39	C	1189	1181	70225.51	1181	9143.7	61081.8	0.21	
40	A	1180	1172	174713.76	1172	20245.21	154468.56	0.54	
41	A	1171	1162	145058.87	1162	17531.35	127527.52	0.45	
42	U	1161	1153	121723.32	1152	24948.35	96774.97	0.34	
43	C	1152	1142	79115.96	1142	32262.13	46853.83	0.16	
44	G	1141	1134	34494.81	1134	7494.58	27000.23	0.09	
45	G	1133	1127	177292.93	1127	39411.87	137881.06	0.48	
46	G	1126	1119	107605.88	1119	18196.0	89409.88	0.31	
47	U	1118	1111	226732.5	1111	23755.91	202976.59	0.71	
48	U	1109	1103	309429.02	1103	32613.59	276815.42	0.97	
49	G	1102	1095	323313.92	1095	9251.29	314062.63	1.1	
50	A	1094	1087	323345.17	1087	15660.25	307684.92	1.08	
51	A	1085	1078	311252.98	1078	18332.41	292920.56	1.03	
52	C	1076	1069	239197.55	1069	39393.22	199804.34	0.7	
53	A	1068	1059	282129.07	1059	36372.22	245756.85	0.86	
54	C	1059	1050	102232.73	1050	18736.5	83496.23	0.29	
55	U	1050	1042	160131.59	1042	40685.22	119446.37	0.42	
56	U	1041	1034	117338.77	1034	33764.64	83574.12	0.29	
57	A	1033	1024	247024.07	1024	46584.57	200439.5	0.7	
58	A	1024	1015	121230.39	1015	95997.51	25232.88	0.09	
59	U	1014	1006	73149.76	1006	21531.49	51618.27	0.18	
60	U	1005	997	100942.49	997	5849.33	95093.16	0.33	
61	G	996	989	177841.35	989	12237.45	165603.91	0.58	
62	G	989	982	317747.31	982	47470.68	270276.63	0.95	
63	G	982	975	339288.43	975	107283.59	232004.84	0.81	
64	U	974	967	294340.23	967	55922.99	238417.24	0.83	
65	U	965	959	473420.58	959	120917.39	352503.19	1.23	
66	A	958	951	371660.69	950	81848.61	289812.08	1.01	
67	A	950	942	209155.8	941	15456.98	193698.81	0.68	
68	A	941	932	241420.52	932	22051.88	219368.64	0.77	
69	A	932	922	135006.94	922	16978.69	118028.25	0.41	
70	C	923	912	121196.6	912	29210.35	91986.25	0.32	
71	G	912	904	179209.25	904	21329.51	157879.74	0.55	
72	G	904	896	268340.15	896	27233.53	241106.62	0.84	
73	U	896	888	45760.18	888	7850.23	37909.95	0.13	
74	G	887	879	79808.49	880	6075.18	73733.31	0.26	
75	G	880	872	81287.12	873	4329.47	76957.65	0.27	
76	G	873	865	131613.53	866	27495.53	104118.0	0.36	
77	G	865	858	137980.27	859	24318.76	113661.51	0.4	
78	G	858	851	243968.22	852	23003.09	220965.14	0.77	
79	A	851	842	284294.13	843	12575.44	271718.69	0.95	
80	C	843	833	194694.52	834	28946.46	165748.06	0.58	
81	G	834	827	297080.28	827	29189.93	267890.35	0.94	
82	A	827	818	335160.26	818	21679.5	313480.77	1.1	
83	U	818	810	200683.34	810	11280.5	189402.83	0.66	
84	C	810	801	140586.44	801	29324.34	111262.1	0.39	
85	C	801	792	156129.05	792	48358.27	107770.77	0.38	
86	C	792	783	209918.12	783	73675.67	136242.45	0.48	
87	G	783	776	309426.74	776	22390.1	287036.65	1.01	
88	U	776	769	248253.04	769	19271.37	228981.67	0.8	
89	A	769	761	346278.28	761	18072.24	328206.04	1.15	
90	A	761	753	289878.62	753	17307.24	272571.38	0.95	
91	C	753	745	172421.22	744	19965.89	152455.33	0.53	
92	A	744	736	246955.92	736	13099.95	233855.97	0.82	
93	U	735	728	186419.52	728	8922.4	177497.12	0.62	
94	C	727	719	143118.61	719	13992.08	129126.52	0.45	
95	C	719	710	113828.06	710	19214.19	94613.87	0.33	
96	G	710	703	217626.87	704	22371.93	195254.95	0.68	
97	U	703	696	116887.34	696	9868.2	107019.14	0.37	
98	C	695	687	109428.44	687	17596.34	91832.1	0.32	
99	C	687	678	113683.4	679	18419.85	95263.55	0.33	
100	U	678	670	180165.2	671	14873.0	165292.2	0.58	
101	A	670	661	310060.44	662	21601.21	288459.23	1.01	
102	A	662	652	208924.11	653	17938.92	190985.18	0.67	
103	C	653	642	110936.63	644	16682.19	94254.44	0.33	
104	G	643	635	172459.42	637	16178.61	156280.81	0.55	
105	G	636	629	195792.49	630	18309.5	177482.99	0.62	
106	C	629	620	145596.61	621	30781.61	114815.0	0.4	
107	G	621	613	209708.7	614	17377.36	192331.34	0.67	
108	A	613	605	223070.08	605	17751.97	205318.12	0.72	
109	C	605	596	166407.98	596	32911.36	133496.62	0.47	
110	A	597	588	247196.44	588	18797.06	228399.37	0.8	
111	G	588	581	259861.31	581	20475.31	239386.0	0.84	
112	A	582	573	195725.28	573	12031.97	183693.31	0.64	
113	C	573	564	170661.25	564	26087.47	144573.78	0.51	
114	U	564	556	139957.48	557	16340.81	123616.67	0.43	
115	G	556	550	216891.7	550	15247.07	201644.62	0.71	
116	C	550	541	135465.69	541	20270.74	115194.94	0.4	
117	A	542	532	224223.64	532	16600.89	207622.76	0.73	
118	C	533	523	143264.29	523	35056.18	108208.12	0.38	
119	G	524	517	269792.65	517	24493.93	245298.72	0.86	
120	G	517	510	128011.87	510	7466.25	120545.62	0.42	
121	C	511	501	62593.39	502	5150.38	57443.01	0.2	
122	C	502	493	44193.91	493	14412.71	29781.19	0.1	
123	C	493	484	103617.66	484	14585.0	89032.66	0.31	
124	U	485	476	122459.18	477	11769.33	110689.85	0.39	
125	G	477	470	135764.17	471	6308.04	129456.14	0.45	
126	C	471	462	76921.26	462	19471.4	57449.86	0.2	
127	C	462	454	175290.45	454	63508.34	111782.11	0.39	
128	U	454	446	172275.11	446	32478.85	139796.26	0.49	
129	C	447	438	92633.36	438	11483.34	81150.02	0.28	
130	U	438	429	126116.1	430	18390.58	107725.52	0.38	
131	U	429	421	225260.91	422	37624.08	187636.83	0.66	
132	A	422	412	228964.36	413	16805.08	212159.28	0.74	
133	G	413	405	188222.95	406	15260.89	172962.06	0.61	
134	G	406	399	187988.43	400	12285.41	175703.02	0.62	
135	U	399	392	37894.75	392	12255.19	25639.55	0.09	
136	G	392	386	153088.36	386	8340.53	144747.82	0.51	
137	U	386	379	96482.13	379	14287.1	82195.03	0.29	
138	G	379	373	165881.98	373	11967.53	153914.45	0.54	
139	U	373	366	194323.2	366	15799.58	178523.62	0.63	
140	U	365	358	136815.15	359	18422.94	118392.21	0.41	
141	C	358	350	82467.21	350	4386.97	78080.25	0.27	
142	A	350	342	169639.83	342	11034.44	158605.39	0.56	
143	A	342	334	205008.78	334	17416.53	187592.25	0.66	
144	U	334	328	203511.64	328	30034.71	173476.92	0.61	
145	G	327	322	179906.95	322	10367.9	169539.05	0.59	
146	A	322	314	184826.43	314	16683.95	168142.48	0.59	
147	A	313	306	166342.95	306	13507.78	152835.17	0.54	
148	C	306	298	107929.32	298	19147.63	88781.69	0.31	
149	A	297	290	153551.27	290	12349.72	141201.55	0.49	
150	G	289	284	194334.03	284	13825.56	180508.47	0.63	
151	U	283	277	187135.94	277	10065.78	177070.16	0.62	
152	C	276	269	182633.0	269	25686.38	156946.61	0.55	
153	G	268	263	44847.31	263	1432.48	43414.83	0.15	
154	U	262	257	99061.51	257	7767.45	91294.06	0.32	
155	U	255	249	92848.31	249	5455.26	87393.05	0.31	
156	C	248	241	70120.75	240	8059.18	62061.57	0.22	
157	C	240	233	110892.74	233	16436.16	94456.58	0.33	
158	G	231	226	83837.42	220	13550.53	70286.89	0.25	
159	A	224	217	243371.4	215	92176.03	151195.37	0.53	
160	A	216	210	170746.52	208	22334.0	148412.52	0.52	
161	A	208	201	95875.74	203	1558.07	94317.66	0.33	
162	G	199	196	105900.27	195	9634.83	96265.44	0.34	
163	G	194	191	110884.12	190	14542.15	96341.98	0.34	
164	A	189	184	129822.95	184	19348.88	110474.07	0.39	
165	A	182	176	166473.8	177	21382.11	145091.7	0.51	
166	G	176	171	161924.98	173	64547.89	97377.09	0.34	
167	C	170	165	162368.69	168	71514.51	90854.17	0.32	
168	A	162	157	155161.38	153	70317.38	84844.0	0.3	
169	U	154	151	148512.35	147	66098.35	82413.99	0.29	
170	C	147	142	141529.13	141	65611.72	75917.41	0.27	
171	C	142	134	131939.94	132	35609.83	96330.11	0.34	
172	G	130	128	125947.06	127	15680.69	110266.37	0.39	
173	G	126	120	115916.33	118	11964.52	103951.82	0.36	
174	U	121	116	57304.97	114	8.08	57296.88	0.2	
175	A	117	111	110771.03	110	14155.65	96615.39	0.34	
176	U	108	105	106827.46	104	14632.28	92195.17	0.32	
177	C	102	96	89854.08	95	22019.95	67834.12	0.24	
178	C	94	88	55943.73	87	5360.81	50582.92	0.18	
179	C	87	80	106799.08	79	20125.35	86673.73	0.3	
180	A	78	73	97775.61	72	12620.75	85154.86	0.3	
181	A	70	67	77109.25	65	7517.2	69592.05	0.24	
182	G	64	62	65115.74	60	15627.91	49487.83	0.17	
183	A	60	52	44213.99	52	12932.84	31281.16	0.11	
184	C	53	44	24411.78	46	40919.31	-16507.52	-0.06	
185	A	46	34	0.0	40	19369.87	-19369.87	-0.07	
186	A	38	26	0.0	27	36225.36	-36225.36	-0.13	
187	U	31	20	0.0	22	36882.23	-36882.23	-0.13	
