seqNum	seqRNA	posSeq	posRX	areaRX	posBG	areaBG	areaDiff	normDiff	
4	U	1499	1491	21850.7	1485	1464.41	20386.29	0.49	
5	G	1490	1485	16029.34	1480	5240.72	10788.61	0.26	
6	G	1482	1476	36556.3	1473	2316.62	34239.67	0.82	
7	G	1473	1468	7176.58	1466	3276.24	3900.34	0.09	
8	U	1465	1458	3976.98	1451	1582.89	2394.09	0.06	
9	U	1454	1452	19805.7	1443	6723.85	13081.84	0.31	
10	G	1444	1443	35882.87	1434	8323.79	27559.08	0.66	
11	G	1437	1437	46236.21	1428	5272.44	40963.76	0.98	
12	G	1430	1428	68236.1	1423	3797.53	64438.57	1.54	
13	A	1422	1413	81697.12	1418	10136.48	71560.64	1.7	
14	A	1413	1408	58504.13	1405	5751.7	52752.43	1.26	
15	G	1403	1395	21270.47	1399	2400.53	18869.94	0.45	
16	U	1394	1380	10948.31	1391	5508.54	5439.77	0.13	
17	A	1387	1372	15176.97	1383	1797.35	13379.62	0.32	
18	U	1376	1365	19258.56	1369	6176.37	13082.19	0.31	
19	C	1367	1358	21812.43	1362	2504.6	19307.82	0.46	
20	A	1358	1351	10575.2	1355	5549.46	5025.74	0.12	
21	U	1348	1339	9972.35	1351	1326.13	8646.22	0.21	
22	G	1339	1330	13648.31	1342	442.27	13206.04	0.31	
23	G	1331	1322	36697.3	1336	7782.39	28914.9	0.69	
24	C	1324	1311	15993.14	1328	3642.3	12350.85	0.29	
25	U	1314	1304	20034.11	1316	8180.06	11854.04	0.28	
26	A	1304	1297	20727.32	1302	5272.86	15454.46	0.37	
27	A	1297	1290	11606.41	1288	2821.99	8784.41	0.21	
28	U	1287	1280	34019.07	1280	4707.84	29311.22	0.7	
29	C	1279	1267	23688.18	1275	9707.7	13980.48	0.33	
30	A	1270	1255	9404.23	1262	3338.22	6066.01	0.14	
31	C	1260	1244	34895.11	1251	4270.18	30624.93	0.73	
32	C	1250	1233	4284.86	1241	13198.98	-8914.13	-0.21	
33	A	1241	1226	22914.42	1233	202.34	22712.09	0.54	
34	U	1230	1220	12276.54	1222	4636.45	7640.09	0.18	
35	G	1221	1216	14978.39	1215	10213.4	4765.0	0.11	
36	A	1215	1209	10382.7	1206	862.6	9520.1	0.23	
37	U	1206	1200	10512.22	1197	3771.59	6740.63	0.16	
38	G	1198	1192	17285.18	1190	9947.29	7337.89	0.17	
39	C	1189	1182	9323.7	1180	5033.88	4289.82	0.1	
40	A	1180	1173	43073.05	1171	10264.72	32808.33	0.78	
41	A	1171	1163	51743.16	1161	4892.67	46850.49	1.12	
42	U	1161	1153	32167.86	1151	3753.83	28414.03	0.68	
43	C	1152	1143	31716.94	1141	15170.58	16546.36	0.39	
44	G	1141	1132	23415.63	1131	8713.1	14702.53	0.35	
45	G	1133	1127	78219.73	1126	34528.88	43690.85	1.04	
46	G	1126	1119	30401.59	1118	16854.54	13547.05	0.32	
47	U	1118	1111	22116.31	1110	5952.12	16164.19	0.39	
48	U	1109	1103	14797.54	1103	5917.01	8880.53	0.21	
49	G	1102	1096	7651.55	1095	2318.39	5333.16	0.13	
50	A	1094	1087	15075.49	1086	3660.28	11415.21	0.27	
51	A	1085	1077	16695.71	1076	4361.55	12334.15	0.29	
52	C	1076	1068	50044.68	1068	26680.74	23363.94	0.56	
53	A	1068	1058	19246.48	1058	8891.32	10355.16	0.25	
54	C	1059	1049	7930.99	1048	3704.33	4226.66	0.1	
55	U	1050	1040	20190.53	1040	5995.01	14195.52	0.34	
56	U	1041	1031	25228.12	1030	7119.52	18108.6	0.43	
57	A	1033	1021	47521.65	1020	14836.02	32685.63	0.78	
58	A	1024	1011	89948.41	1011	91325.92	-1377.51	-0.03	
59	U	1014	1002	20548.05	1002	13311.73	7236.33	0.17	
60	U	1005	991	10878.46	993	1105.55	9772.9	0.23	
61	G	996	984	16124.95	984	4398.42	11726.53	0.28	
62	G	989	978	84254.24	978	38986.85	45267.39	1.08	
63	G	982	971	205845.52	971	120600.98	85244.54	2.03	
64	U	974	963	31141.26	963	20398.85	10742.42	0.26	
65	U	965	956	100594.16	956	67970.88	32623.28	0.78	
66	A	958	948	68115.63	948	32716.2	35399.43	0.84	
67	A	950	939	38655.17	939	5085.56	33569.61	0.8	
68	A	941	930	52440.76	930	7358.37	45082.39	1.07	
69	A	932	921	32042.22	920	3192.33	28849.89	0.69	
70	C	923	911	33915.91	911	16186.58	17729.34	0.42	
71	G	912	904	12115.73	904	5317.4	6798.33	0.16	
72	G	904	896	59922.13	896	5658.51	54263.62	1.29	
73	U	896	888	6480.45	887	1964.59	4515.86	0.11	
74	G	887	879	6463.06	879	2320.58	4142.49	0.1	
75	G	880	871	12776.82	871	9091.59	3685.22	0.09	
76	G	873	864	54032.02	865	46403.35	7628.67	0.18	
77	G	865	857	36114.01	858	25049.59	11064.42	0.26	
78	G	858	850	130920.0	851	13155.68	117764.32	2.81	
79	A	851	842	204478.73	842	2759.61	201719.11	4.81	
80	C	843	833	145764.43	833	16038.89	129725.54	3.09	
81	G	834	826	58727.28	826	18542.51	40184.77	0.96	
82	A	827	817	61052.34	817	12891.26	48161.08	1.15	
83	U	818	809	87610.88	809	7347.62	80263.26	1.91	
84	C	810	801	39839.02	800	27963.3	11875.72	0.28	
85	C	801	792	55487.16	791	48219.81	7267.35	0.17	
86	C	792	783	50073.57	782	43989.49	6084.08	0.14	
87	G	783	776	18276.91	775	5643.75	12633.16	0.3	
88	U	776	770	18407.43	769	4876.8	13530.64	0.32	
89	A	769	762	34907.23	761	5117.89	29789.35	0.71	
90	A	761	754	28326.44	752	3595.98	24730.46	0.59	
91	C	753	745	42837.67	744	9491.8	33345.87	0.79	
92	A	744	736	197975.75	735	3825.35	194150.4	4.63	
93	U	735	728	66169.49	727	1967.39	64202.11	1.53	
94	C	727	720	17702.33	719	4103.67	13598.66	0.32	
95	C	719	711	17727.31	710	11173.25	6554.07	0.16	
96	G	710	704	21750.58	703	12320.13	9430.45	0.22	
97	U	703	696	9833.65	695	3340.91	6492.74	0.15	
98	C	695	687	12318.81	686	5705.82	6612.99	0.16	
99	C	687	679	14157.91	678	5587.59	8570.32	0.2	
100	U	678	671	36743.61	670	4979.49	31764.12	0.76	
101	A	670	662	41750.27	661	7296.79	34453.49	0.82	
102	A	662	653	21346.98	651	2299.73	19047.25	0.45	
103	C	653	643	16788.85	643	7098.3	9690.56	0.23	
104	G	643	636	24045.16	636	6155.8	17889.36	0.43	
105	G	636	629	27596.34	629	8998.04	18598.31	0.44	
106	C	629	620	36866.38	620	15561.58	21304.8	0.51	
107	G	621	613	22808.92	613	6619.01	16189.9	0.39	
108	A	613	605	37420.31	605	4096.76	33323.56	0.79	
109	C	605	596	44735.43	596	20292.27	24443.16	0.58	
110	A	597	588	122363.5	588	5356.07	117007.43	2.79	
111	G	588	581	31353.92	581	6380.04	24973.88	0.59	
112	A	582	573	8765.1	573	1693.85	7071.25	0.17	
113	C	573	564	21941.75	564	13815.86	8125.9	0.19	
114	U	564	556	10866.92	556	4739.75	6127.16	0.15	
115	G	556	550	15716.03	549	3839.78	11876.24	0.28	
116	C	550	541	20375.82	540	10628.68	9747.15	0.23	
117	A	542	532	28376.58	531	4089.55	24287.03	0.58	
118	C	533	522	39608.35	522	17067.22	22541.13	0.54	
119	G	524	516	19940.39	516	7588.55	12351.84	0.29	
120	G	517	509	7928.38	509	3276.21	4652.17	0.11	
121	C	511	501	2831.39	501	1893.94	937.45	0.02	
122	C	502	492	6979.72	492	5446.72	1533.0	0.04	
123	C	493	484	9642.44	484	7122.34	2520.1	0.06	
124	U	485	476	7332.7	477	3427.4	3905.29	0.09	
125	G	477	470	3919.1	471	1160.27	2758.83	0.07	
126	C	471	462	13068.2	462	10736.57	2331.63	0.06	
127	C	462	454	44179.54	454	34269.41	9910.13	0.24	
128	U	454	446	46779.77	446	8263.52	38516.26	0.92	
129	C	447	438	94398.2	438	4012.27	90385.94	2.15	
130	U	438	430	93746.09	430	3216.58	90529.52	2.16	
131	U	429	422	135521.0	422	12583.05	122937.95	2.93	
132	A	422	413	60894.42	413	3472.34	57422.08	1.37	
133	G	413	406	11607.17	406	2584.52	9022.65	0.21	
134	G	406	400	6625.98	400	2652.42	3973.55	0.09	
135	U	399	392	1751.71	393	1002.7	749.01	0.02	
136	G	392	386	2482.22	387	1276.32	1205.89	0.03	
137	U	386	378	4659.78	379	2745.4	1914.39	0.05	
138	G	379	372	6709.16	373	5129.17	1579.99	0.04	
139	U	373	365	7788.08	365	3339.87	4448.21	0.11	
140	U	365	357	7100.55	357	3339.4	3761.14	0.09	
141	C	358	350	4065.53	350	2117.88	1947.66	0.05	
142	A	350	341	11428.83	342	2846.5	8582.33	0.2	
143	A	342	333	25906.52	334	3767.53	22138.99	0.53	
144	U	334	327	34728.33	328	7164.36	27563.97	0.66	
145	G	327	321	43863.66	322	3367.53	40496.13	0.96	
146	A	322	313	49220.95	314	4902.84	44318.12	1.06	
147	A	313	305	31433.04	306	3463.95	27969.09	0.67	
148	C	306	297	13771.84	298	10430.49	3341.36	0.08	
149	A	297	289	12880.08	290	3662.39	9217.69	0.22	
150	G	289	283	6049.97	284	3265.04	2784.94	0.07	
151	U	283	278	3368.47	277	1084.38	2284.09	0.05	
152	C	276	270	17841.29	268	8675.43	9165.87	0.22	
153	G	268	264	5022.47	261	586.85	4435.62	0.11	
154	U	262	257	9401.02	255	2407.38	6993.64	0.17	
155	U	255	249	4810.59	248	1158.71	3651.88	0.09	
156	C	248	241	5576.76	240	4341.65	1235.1	0.03	
157	C	240	233	8492.0	232	7487.39	1004.61	0.02	
158	G	231	225	9091.47	224	7349.55	1741.92	0.04	
159	A	224	216	98866.35	216	85122.0	13744.35	0.33	
160	A	216	209	33891.79	209	10742.32	23149.47	0.55	
161	A	208	201	144203.63	203	300.97	143902.66	3.43	
162	G	199	194	15187.88	198	2165.26	13022.61	0.31	
163	G	194	189	2412.25	192	6050.85	-3638.61	-0.09	
164	A	189	184	9514.08	184	7063.6	2450.49	0.06	
165	A	182	176	17114.91	180	1.13	17113.78	0.41	
166	G	176	171	99042.0	172	82302.18	16739.82	0.4	
167	C	170	164	55544.82	165	17731.71	37813.11	0.9	
168	A	162	156	21368.55	157	3515.52	17853.03	0.43	
169	U	154	149	213141.53	149	173595.09	39546.44	0.94	
170	C	147	142	23347.09	142	22156.16	1190.93	0.03	
171	C	142	131	12260.27	131	12624.74	-364.47	-0.01	
172	G	130	125	5542.76	123	4199.82	1342.93	0.03	
173	G	126	120	5544.53	117	3478.71	2065.83	0.05	
174	U	121	116	5402.48	114	654.87	4747.6	0.11	
175	A	117	110	18834.41	110	7503.81	11330.6	0.27	
176	U	108	104	13842.37	103	5861.9	7980.47	0.19	
177	C	102	96	11412.38	95	8145.13	3267.25	0.08	
178	C	94	88	3511.6	88	1420.6	2090.99	0.05	
179	C	87	80	9186.0	79	8470.34	715.65	0.02	
180	A	78	73	7896.93	72	5632.23	2264.7	0.05	
181	A	70	64	8162.97	65	4265.34	3897.63	0.09	
182	G	64	60	12858.72	60	6624.39	6234.33	0.15	
183	A	60	53	10671.92	53	6146.28	4525.64	0.11	
184	C	53	46	41245.06	46	33007.23	8237.83	0.2	
185	A	46	38	17219.95	39	12061.89	5158.05	0.12	
186	A	38	28	3797.41	31	427.7	3369.71	0.08	
187	U	31	19	32249.69	20	15905.4	16344.29	0.39	
