seqNum	seqRNA	posSeq	posRX	areaRX	posBG	areaBG	areaDiff	normDiff	
4	U	1499	1493	17327.23	1495	4360.07	12967.16	0.08	
5	G	1490	1485	26118.33	1487	5641.84	20476.48	0.12	
6	G	1482	1476	100140.08	1477	29045.36	71094.72	0.43	
7	G	1473	1464	91431.44	1465	14808.66	76622.78	0.46	
8	U	1465	1459	18846.09	1453	3221.89	15624.2	0.09	
9	U	1454	1452	15735.97	1443	18098.21	-2362.24	-0.01	
10	G	1444	1441	40128.89	1435	29529.65	10599.24	0.06	
11	G	1437	1433	145251.57	1429	6063.11	139188.46	0.84	
12	G	1430	1423	239878.28	1424	34809.83	205068.45	1.24	
13	A	1422	1413	317704.52	1414	26543.95	291160.58	1.77	
14	A	1413	1404	97686.82	1406	12215.33	85471.49	0.52	
15	G	1403	1395	80302.8	1397	17753.19	62549.6	0.38	
16	U	1394	1386	46316.52	1387	8516.05	37800.46	0.23	
17	A	1387	1376	22999.84	1377	4359.7	18640.14	0.11	
18	U	1376	1365	19601.4	1367	14476.95	5124.45	0.03	
19	C	1367	1355	22800.09	1361	5.54	22794.55	0.14	
20	A	1358	1347	23859.21	1356	7947.58	15911.64	0.1	
21	U	1348	1337	16692.25	1347	15152.8	1539.45	0.01	
22	G	1339	1329	25984.6	1339	5421.33	20563.27	0.12	
23	G	1331	1319	86531.77	1330	5515.8	81015.97	0.49	
24	C	1324	1311	121443.78	1321	23685.28	97758.5	0.59	
25	U	1314	1301	197431.87	1312	13078.12	184353.75	1.12	
26	A	1304	1292	168492.07	1303	21562.72	146929.35	0.89	
27	A	1297	1283	115105.02	1293	16378.06	98726.96	0.6	
28	U	1287	1273	95756.86	1284	17776.81	77980.06	0.47	
29	C	1279	1263	69168.47	1274	24343.18	44825.29	0.27	
30	A	1270	1251	21287.2	1264	8921.93	12365.27	0.07	
31	C	1260	1242	42378.85	1254	8193.87	34184.99	0.21	
32	C	1250	1236	5836.95	1244	22402.6	-16565.65	-0.1	
33	A	1241	1227	6767.08	1234	1670.53	5096.55	0.03	
34	U	1230	1222	14811.75	1225	7865.4	6946.35	0.04	
35	G	1221	1215	31074.08	1217	18994.68	12079.4	0.07	
36	A	1215	1205	19785.67	1207	6215.76	13569.92	0.08	
37	U	1206	1197	22524.72	1198	10891.9	11632.82	0.07	
38	G	1198	1189	75575.06	1190	23754.16	51820.9	0.31	
39	C	1189	1178	40418.65	1181	10735.59	29683.06	0.18	
40	A	1180	1170	131390.58	1171	20348.59	111041.99	0.67	
41	A	1171	1160	143163.92	1161	13621.54	129542.39	0.79	
42	U	1161	1151	101018.8	1152	13993.19	87025.61	0.53	
43	C	1152	1140	77253.43	1142	31826.84	45426.6	0.28	
44	G	1141	1132	32277.2	1134	11362.27	20914.94	0.13	
45	G	1133	1125	99699.34	1127	63714.47	35984.87	0.22	
46	G	1126	1117	61395.41	1119	32714.08	28681.33	0.17	
47	U	1118	1109	128543.47	1110	20102.31	108441.16	0.66	
48	U	1109	1101	183737.88	1102	19517.88	164220.0	1.0	
49	G	1102	1093	211716.42	1094	6850.75	204865.66	1.24	
50	A	1094	1084	198849.89	1085	13167.9	185682.0	1.13	
51	A	1085	1075	169111.74	1076	15530.71	153581.04	0.93	
52	C	1076	1066	138862.88	1067	55300.35	83562.53	0.51	
53	A	1068	1056	145814.03	1057	32423.2	113390.84	0.69	
54	C	1059	1046	52728.26	1047	23407.2	29321.06	0.18	
55	U	1050	1038	108181.44	1039	36918.4	71263.04	0.43	
56	U	1041	1030	114547.49	1030	34358.75	80188.74	0.49	
57	A	1033	1020	239762.38	1021	45853.36	193909.02	1.18	
58	A	1024	1011	113267.75	1012	172894.57	-59626.82	-0.36	
59	U	1014	1002	58140.33	1003	26119.22	32021.1	0.19	
60	U	1005	994	45077.17	993	5663.52	39413.65	0.24	
61	G	996	986	58951.44	984	21736.87	37214.57	0.23	
62	G	989	980	150709.95	979	87107.79	63602.16	0.39	
63	G	982	973	235085.8	972	230733.74	4352.06	0.03	
64	U	974	965	146731.31	964	59344.96	87386.35	0.53	
65	U	965	957	294111.08	957	195910.47	98200.61	0.6	
66	A	958	949	230776.39	949	93744.73	137031.66	0.83	
67	A	950	940	149662.94	940	16696.98	132965.97	0.81	
68	A	941	931	187737.0	930	18749.4	168987.6	1.02	
69	A	932	920	143173.68	919	11711.68	131462.01	0.8	
70	C	923	909	101187.91	909	28831.93	72355.98	0.44	
71	G	912	901	79087.02	902	12036.41	67050.61	0.41	
72	G	904	892	113311.24	894	15486.9	97824.35	0.59	
73	U	896	882	18982.78	886	6199.45	12783.33	0.08	
74	G	887	874	30883.71	879	4776.93	26106.78	0.16	
75	G	880	866	30491.76	872	9923.65	20568.11	0.12	
76	G	873	859	81494.06	865	59446.42	22047.64	0.13	
77	G	865	852	58791.87	859	34571.54	24220.34	0.15	
78	G	858	846	114346.97	853	30645.09	83701.87	0.51	
79	A	851	837	143400.18	844	9684.91	133715.26	0.81	
80	C	843	828	93236.24	834	36723.9	56512.33	0.34	
81	G	834	822	149282.39	827	27635.51	121646.88	0.74	
82	A	827	814	171464.09	819	26221.66	145242.42	0.88	
83	U	818	806	118971.38	810	11435.71	107535.67	0.65	
84	C	810	798	87712.66	800	46935.32	40777.34	0.25	
85	C	801	789	103449.71	791	70582.83	32866.88	0.2	
86	C	792	780	116454.96	782	78352.06	38102.91	0.23	
87	G	783	774	141502.72	775	16919.12	124583.6	0.76	
88	U	776	767	139048.4	767	15629.97	123418.42	0.75	
89	A	769	759	210759.62	759	14191.59	196568.04	1.19	
90	A	761	751	167835.13	751	11881.6	155953.53	0.95	
91	C	753	743	100120.25	743	19435.84	80684.41	0.49	
92	A	744	735	142413.94	734	10197.71	132216.23	0.8	
93	U	735	727	93312.63	727	5658.58	87654.05	0.53	
94	C	727	719	67520.0	719	9678.52	57841.48	0.35	
95	C	719	710	45936.03	710	20491.05	25444.98	0.15	
96	G	710	704	92397.36	704	19507.04	72890.31	0.44	
97	U	703	696	61231.72	696	7152.06	54079.67	0.33	
98	C	695	687	55186.97	687	12466.64	42720.33	0.26	
99	C	687	679	61308.53	679	13141.91	48166.62	0.29	
100	U	678	671	128835.27	671	10998.76	117836.51	0.71	
101	A	670	662	182165.29	662	16451.62	165713.67	1.0	
102	A	662	653	115925.76	652	9631.71	106294.05	0.64	
103	C	653	643	57004.78	643	15694.46	41310.33	0.25	
104	G	643	636	72865.59	636	11964.73	60900.86	0.37	
105	G	636	630	78186.94	629	19137.06	59049.88	0.36	
106	C	629	621	69968.42	620	32701.55	37266.87	0.23	
107	G	621	614	111620.98	613	14083.04	97537.93	0.59	
108	A	613	605	124506.49	605	12833.11	111673.38	0.68	
109	C	605	596	93712.45	596	37868.57	55843.88	0.34	
110	A	597	587	148903.45	588	13986.16	134917.29	0.82	
111	G	588	581	166965.73	581	14575.41	152390.32	0.92	
112	A	582	572	111212.59	573	5988.81	105223.78	0.64	
113	C	573	564	96587.71	564	26441.29	70146.42	0.43	
114	U	564	556	81601.11	556	11756.42	69844.69	0.42	
115	G	556	549	130807.66	550	10058.7	120748.96	0.73	
116	C	550	540	68835.8	541	20156.24	48679.56	0.3	
117	A	542	532	106890.47	531	13390.52	93499.95	0.57	
118	C	533	522	87829.88	522	36623.95	51205.94	0.31	
119	G	524	516	133298.45	516	15007.58	118290.87	0.72	
120	G	517	509	67617.01	510	5865.57	61751.44	0.37	
121	C	511	501	29303.05	501	3870.62	25432.43	0.15	
122	C	502	492	16760.06	492	10686.03	6074.03	0.04	
123	C	493	484	41286.03	484	12869.78	28416.25	0.17	
124	U	485	477	46862.72	477	6906.72	39956.0	0.24	
125	G	477	471	48777.35	470	2343.48	46433.86	0.28	
126	C	471	463	28361.92	462	21702.52	6659.4	0.04	
127	C	462	455	91951.11	454	65964.44	25986.67	0.16	
128	U	454	447	103994.24	446	23579.13	80415.11	0.49	
129	C	447	438	61904.96	438	8914.84	52990.12	0.32	
130	U	438	430	79856.64	429	10517.88	69338.76	0.42	
131	U	429	421	119576.5	421	34152.51	85423.99	0.52	
132	A	422	412	125564.05	412	10893.38	114670.67	0.7	
133	G	413	406	88248.02	405	7561.82	80686.2	0.49	
134	G	406	400	117675.42	399	6787.66	110887.77	0.67	
135	U	399	391	11189.1	391	4836.82	6352.28	0.04	
136	G	392	386	76898.94	385	2964.34	73934.6	0.45	
137	U	386	379	44928.61	379	7434.92	37493.69	0.23	
138	G	379	373	97115.59	373	9115.8	87999.79	0.53	
139	U	373	366	84381.29	366	8411.67	75969.62	0.46	
140	U	365	359	71347.88	358	9489.57	61858.3	0.38	
141	C	358	351	50061.17	350	3694.88	46366.3	0.28	
142	A	350	343	108919.85	342	7288.59	101631.26	0.62	
143	A	342	335	131929.75	334	11359.63	120570.12	0.73	
144	U	334	328	140900.07	328	20921.76	119978.31	0.73	
145	G	327	322	93657.46	322	9236.63	84420.84	0.51	
146	A	322	315	111430.56	314	14793.3	96637.26	0.59	
147	A	313	306	103355.32	306	9913.55	93441.78	0.57	
148	C	306	298	57316.4	297	20472.62	36843.78	0.22	
149	A	297	290	95075.17	289	9176.76	85898.41	0.52	
150	G	289	284	107155.72	283	7741.1	99414.62	0.6	
151	U	283	277	101994.27	276	4761.61	97232.66	0.59	
152	C	276	269	100601.61	268	19362.76	81238.85	0.49	
153	G	268	263	27816.36	261	1201.65	26614.71	0.16	
154	U	262	256	46979.18	256	5923.93	41055.25	0.25	
155	U	255	248	42080.4	248	3297.48	38782.92	0.24	
156	C	248	240	29096.74	239	6384.01	22712.73	0.14	
157	C	240	231	35507.49	231	9080.54	26426.95	0.16	
158	G	231	224	37542.95	221	17096.98	20445.97	0.12	
159	A	224	215	251892.62	214	176420.18	75472.44	0.46	
160	A	216	208	86461.98	208	14962.91	71499.07	0.43	
161	A	208	199	63424.43	204	5773.79	57650.65	0.35	
162	G	199	194	38909.78	195	10273.12	28636.65	0.17	
163	G	194	189	39150.03	189	42263.33	-3113.3	-0.02	
164	A	189	182	57878.22	183	45533.07	12345.15	0.07	
165	A	182	174	128933.14	177	38527.38	90405.76	0.55	
166	G	176	170	300113.35	172	187764.97	112348.38	0.68	
167	C	170	163	122419.78	167	116289.71	6130.07	0.04	
168	A	162	155	169759.64	157	52753.65	117005.99	0.71	
169	U	154	150	287212.26	151	174825.57	112386.69	0.68	
170	C	147	143	256118.43	145	164926.55	91191.88	0.55	
171	C	142	131	87674.09	132	34375.62	53298.47	0.32	
172	G	130	126	108256.95	126	9364.26	98892.69	0.6	
173	G	126	121	87650.35	117	8464.33	79186.02	0.48	
174	U	121	116	70768.77	113	339.64	70429.13	0.43	
175	A	117	109	105028.53	109	12573.37	92455.16	0.56	
176	U	108	103	60703.24	103	13327.27	47375.97	0.29	
177	C	102	95	52788.55	94	27491.54	25297.01	0.15	
178	C	94	86	29183.03	85	6702.34	22480.7	0.14	
179	C	87	77	50013.49	76	23363.58	26649.91	0.16	
180	A	78	69	118100.14	68	10080.44	108019.7	0.66	
181	A	70	60	121799.87	60	4491.91	117307.97	0.71	
182	G	64	55	93482.18	55	14565.79	78916.38	0.48	
183	A	60	48	118696.28	47	13613.9	105082.38	0.64	
184	C	53	40	120814.2	40	70662.68	50151.52	0.3	
185	A	46	33	102967.04	33	21642.87	81324.17	0.49	
186	A	38	25	100237.06	24	16639.18	83597.88	0.51	
187	U	31	19	107350.22	18	49713.56	57636.66	0.35	
