seqNum	seqRNA	posSeq	posRX	areaRX	posBG	areaBG	areaDiff	normDiff	
4	U	1461	1450	10871.8	1453	4391.06	6480.74	0.09	
5	G	1453	1442	11783.27	1445	2490.44	9292.84	0.12	
6	G	1444	1435	58215.42	1437	1534.03	56681.39	0.75	
7	G	1435	1426	33337.14	1428	2239.71	31097.43	0.41	
8	U	1427	1417	22188.29	1419	1667.02	20521.27	0.27	
9	U	1419	1408	21285.27	1409	3203.54	18081.72	0.24	
10	G	1411	1400	5988.75	1396	3755.84	2232.91	0.03	
11	G	1399	1392	8747.01	1391	4553.55	4193.45	0.06	
12	G	1392	1385	28580.03	1386	9701.0	18879.03	0.25	
13	A	1388	1376	57342.89	1377	8317.3	49025.59	0.65	
14	A	1376	1366	89684.09	1367	5189.68	84494.4	1.11	
15	G	1368	1357	63980.63	1359	3721.97	60258.66	0.79	
16	U	1361	1350	10902.25	1352	4393.72	6508.53	0.09	
17	A	1352	1341	5828.76	1343	1851.7	3977.06	0.05	
18	U	1341	1332	3976.0	1330	990.91	2985.09	0.04	
19	C	1332	1322	6226.41	1323	3034.51	3191.9	0.04	
20	A	1323	1313	4276.39	1311	1695.43	2580.96	0.03	
21	U	1310	1305	6849.33	1305	4231.86	2617.47	0.03	
22	G	1297	1297	2618.71	1297	773.29	1845.42	0.02	
23	G	1292	1289	6085.51	1288	1075.98	5009.53	0.07	
24	C	1288	1280	15818.84	1280	3823.12	11995.73	0.16	
25	U	1283	1272	27245.98	1273	1588.46	25657.52	0.34	
26	A	1279	1263	72065.53	1264	2645.13	69420.4	0.91	
27	A	1271	1254	63098.22	1255	1819.3	61278.92	0.81	
28	U	1256	1246	44695.0	1244	1124.97	43570.03	0.57	
29	C	1248	1237	31437.29	1236	5806.07	25631.22	0.34	
30	A	1237	1228	18142.04	1228	1415.31	16726.73	0.22	
31	C	1227	1219	4817.3	1217	2694.73	2122.56	0.03	
32	C	1216	1209	9082.42	1209	6068.09	3014.33	0.04	
33	A	1211	1201	2875.63	1202	642.47	2233.15	0.03	
34	U	1202	1192	5378.08	1191	2472.32	2905.76	0.04	
35	G	1188	1185	10687.26	1184	4886.21	5801.05	0.08	
36	A	1184	1177	4855.9	1175	1005.83	3850.07	0.05	
37	U	1174	1168	5847.48	1166	1864.05	3983.43	0.05	
38	G	1165	1160	12274.08	1159	2733.19	9540.9	0.13	
39	C	1159	1151	13297.57	1150	4277.47	9020.09	0.12	
40	A	1151	1143	50250.86	1141	3716.67	46534.2	0.61	
41	A	1144	1133	56044.27	1132	1819.52	54224.75	0.71	
42	U	1134	1124	40998.67	1122	2052.34	38946.33	0.51	
43	C	1124	1114	36361.25	1113	15062.62	21298.63	0.28	
44	G	1113	1107	12351.35	1104	4870.11	7481.24	0.1	
45	G	1106	1099	42115.77	1098	15174.99	26940.79	0.35	
46	G	1098	1091	35489.99	1090	17702.84	17787.16	0.23	
47	U	1090	1083	28880.08	1084	9804.46	19075.61	0.25	
48	U	1084	1076	26207.71	1075	5442.08	20765.63	0.27	
49	G	1077	1069	18363.17	1068	4282.72	14080.45	0.19	
50	A	1069	1060	19146.91	1060	2886.69	16260.22	0.21	
51	A	1062	1052	24696.02	1049	3870.55	20825.47	0.27	
52	C	1050	1043	47105.87	1042	27468.9	19636.98	0.26	
53	A	1042	1034	33895.8	1033	4893.0	29002.8	0.38	
54	C	1034	1025	21922.2	1024	5855.13	16067.06	0.21	
55	U	1022	1017	74656.32	1017	1721.82	72934.5	0.96	
56	U	1018	1009	75019.17	1008	3397.38	71621.79	0.94	
57	A	1009	1000	98789.61	996	4552.52	94237.09	1.24	
58	A	998	991	63724.18	990	45363.92	18360.26	0.24	
59	U	990	982	53432.56	982	18610.78	34821.78	0.46	
60	U	982	973	34004.87	973	1216.3	32788.56	0.43	
61	G	976	966	58691.34	965	2891.95	55799.38	0.74	
62	G	966	959	94603.82	958	8628.78	85975.03	1.13	
63	G	958	951	100253.71	952	39306.88	60946.83	0.8	
64	U	951	944	43367.15	944	7941.72	35425.43	0.47	
65	U	942	936	82299.73	936	23654.9	58644.84	0.77	
66	A	935	927	123259.08	927	25194.9	98064.18	1.29	
67	A	927	918	80161.62	918	4440.5	75721.12	1.0	
68	A	920	908	80886.07	908	4548.81	76337.26	1.01	
69	A	907	899	59060.16	898	2114.91	56945.25	0.75	
70	C	898	888	44204.6	888	14665.66	29538.95	0.39	
71	G	888	881	13610.66	880	3375.13	10235.52	0.13	
72	G	879	873	24687.55	873	2791.46	21896.09	0.29	
73	U	872	865	7517.08	864	1322.23	6194.84	0.08	
74	G	865	857	13051.28	854	1532.43	11518.84	0.15	
75	G	856	851	13908.82	847	8951.52	4957.3	0.07	
76	G	849	844	40696.88	843	18523.01	22173.87	0.29	
77	G	842	837	57616.16	837	30062.47	27553.69	0.36	
78	G	837	831	39697.36	830	9465.28	30232.08	0.4	
79	A	831	823	64154.27	822	1169.77	62984.5	0.83	
80	C	823	814	36662.18	814	13300.09	23362.1	0.31	
81	G	815	808	58961.9	808	6624.87	52337.03	0.69	
82	A	807	799	66787.19	800	3335.11	63452.08	0.84	
83	U	798	792	44225.29	791	3092.73	41132.56	0.54	
84	C	791	783	37508.48	783	18206.87	19301.61	0.25	
85	C	783	775	58842.88	775	42739.1	16103.78	0.21	
86	C	774	766	195983.49	766	121185.31	74798.18	0.99	
87	G	765	759	54355.1	759	8731.74	45623.36	0.6	
88	U	758	752	31307.17	753	4098.87	27208.3	0.36	
89	A	753	745	68159.74	745	2940.27	65219.47	0.86	
90	A	744	737	63555.16	736	1934.37	61620.79	0.81	
91	C	736	729	30205.01	729	5159.93	25045.08	0.33	
92	A	728	720	51856.34	720	2061.66	49794.68	0.66	
93	U	720	713	28920.48	712	736.3	28184.18	0.37	
94	C	712	704	21037.29	703	3061.68	17975.61	0.24	
95	C	703	696	27777.08	695	14696.03	13081.05	0.17	
96	G	695	689	30815.02	689	11213.29	19601.73	0.26	
97	U	688	682	11933.23	682	3407.91	8525.32	0.11	
98	C	681	673	19720.37	673	5818.52	13901.86	0.18	
99	C	672	664	26615.72	664	2973.34	23642.37	0.31	
100	U	663	656	75804.39	656	2342.26	73462.13	0.97	
101	A	655	647	81091.31	647	3557.86	77533.45	1.02	
102	A	646	638	44641.12	638	1868.91	42772.21	0.56	
103	C	637	629	26603.98	628	10809.78	15794.2	0.21	
104	G	628	622	29084.72	621	4588.24	24496.48	0.32	
105	G	621	615	31671.33	614	7017.04	24654.28	0.32	
106	C	615	606	48333.07	606	25314.78	23018.29	0.3	
107	G	606	599	25878.06	599	7121.93	18756.14	0.25	
108	A	599	591	30781.87	590	3589.1	27192.77	0.36	
109	C	591	582	36871.47	582	21951.1	14920.37	0.2	
110	A	582	574	51326.43	574	5501.19	45825.24	0.6	
111	G	574	568	46992.01	567	5090.98	41901.03	0.55	
112	A	568	559	37248.57	559	1173.35	36075.23	0.48	
113	C	560	551	42552.76	551	15862.93	26689.83	0.35	
114	U	551	544	24982.72	543	3042.76	21939.96	0.29	
115	G	543	537	48102.88	537	2418.5	45684.38	0.6	
116	C	537	529	26323.85	529	10246.24	16077.6	0.21	
117	A	529	520	35651.88	520	2865.37	32786.51	0.43	
118	C	520	511	58193.81	512	24486.16	33707.65	0.44	
119	G	512	505	33527.24	505	5721.66	27805.58	0.37	
120	G	505	499	25460.09	499	2973.13	22486.96	0.3	
121	C	499	491	6008.7	491	2275.49	3733.22	0.05	
122	C	490	482	10890.11	482	5863.07	5027.04	0.07	
123	C	482	474	16390.87	474	10706.67	5684.2	0.07	
124	U	474	467	10957.9	467	2217.38	8740.51	0.12	
125	G	466	460	8568.35	461	742.67	7825.68	0.1	
126	C	461	452	43453.94	453	22996.77	20457.17	0.27	
127	C	452	444	228137.01	445	128363.07	99773.94	1.31	
128	U	445	437	56830.63	437	13797.63	43032.99	0.57	
129	C	437	429	26996.06	429	5437.18	21558.88	0.28	
130	U	428	421	32536.44	421	3042.95	29493.49	0.39	
131	U	420	413	51758.39	413	8453.95	43304.44	0.57	
132	A	412	404	60837.05	404	2573.07	58263.98	0.77	
133	G	403	397	44676.06	398	1871.43	42804.63	0.56	
134	G	397	391	47925.64	391	2519.78	45405.86	0.6	
135	U	391	383	7937.31	383	1310.2	6627.1	0.09	
136	G	383	378	23243.49	378	855.16	22388.32	0.29	
137	U	377	371	13781.58	371	2587.31	11194.27	0.15	
138	G	370	365	23758.91	365	4707.44	19051.47	0.25	
139	U	364	358	17787.32	358	2487.46	15299.86	0.2	
140	U	357	351	17003.02	350	1450.28	15552.75	0.2	
141	C	350	343	10526.75	343	2454.53	8072.22	0.11	
142	A	343	336	27719.58	335	1916.17	25803.41	0.34	
143	A	335	327	34841.11	327	2265.94	32575.17	0.43	
144	U	326	321	35667.21	321	3778.26	31888.95	0.42	
145	G	321	315	41780.24	315	2781.25	38999.0	0.51	
146	A	315	308	53083.06	308	2159.34	50923.73	0.67	
147	A	307	299	74037.88	300	2093.88	71944.0	0.95	
148	C	299	292	76238.76	291	6309.7	69929.06	0.92	
149	A	291	284	78693.41	283	2796.48	75896.93	1.0	
150	G	283	278	44562.29	277	2546.62	42015.67	0.55	
151	U	277	272	45322.15	272	1074.42	44247.73	0.58	
152	C	272	264	43816.84	264	7160.87	36655.96	0.48	
153	G	263	258	25246.34	258	2186.82	23059.51	0.3	
154	U	257	252	11105.82	251	1319.52	9786.3	0.13	
155	U	250	245	7088.77	244	924.61	6164.16	0.08	
156	C	243	237	6552.86	236	3308.05	3244.81	0.04	
157	C	235	229	8426.53	228	2686.3	5740.23	0.08	
158	G	227	222	15524.34	221	2436.67	13087.66	0.17	
159	A	221	214	91955.87	213	26778.2	65177.68	0.86	
160	A	213	207	40524.49	206	3158.61	37365.88	0.49	
161	A	206	199	32418.5	199	2403.88	30014.62	0.4	
162	G	198	194	9095.11	193	1241.17	7853.94	0.1	
163	G	192	188	8436.75	188	2050.66	6386.09	0.08	
164	A	188	181	12818.68	181	3747.79	9070.89	0.12	
165	A	180	174	15144.27	177	31.07	15113.2	0.2	
166	G	174	169	70323.36	169	34420.16	35903.21	0.47	
167	C	168	162	27551.82	162	8972.11	18579.71	0.24	
168	A	161	154	47612.75	152	3813.1	43799.65	0.58	
169	U	153	146	148950.89	146	137866.4	11084.48	0.15	
170	C	146	138	23576.42	138	10104.51	13471.91	0.18	
171	C	136	130	35198.77	130	17351.79	17846.99	0.24	
172	G	130	121	40663.13	123	6896.13	33767.0	0.44	
173	G	121	115	26828.17	116	4441.89	22386.29	0.29	
174	U	115	108	43781.36	109	4676.63	39104.73	0.52	
175	A	108	101	17714.53	101	4385.19	13329.34	0.18	
176	U	103	93	13224.83	94	6376.76	6848.07	0.09	
177	C	94	86	7898.77	88	3640.09	4258.68	0.06	
178	C	85	78	12094.06	79	12134.18	-40.13	0.0	
179	C	78	71	13887.98	72	7006.46	6881.53	0.09	
180	A	71	65	6105.31	65	4232.45	1872.86	0.02	
181	A	65	60	41389.09	59	2575.47	38813.62	0.51	
182	G	60	53	13737.16	55	56.88	13680.28	0.18	
183	A	54	46	25057.84	46	19626.76	5431.08	0.07	
184	C	47	40	14354.06	39	4767.37	9586.7	0.13	
185	A	39	32	22531.92	32	5804.43	16727.48	0.22	
186	A	32	27	33079.88	26	13244.07	19835.81	0.26	
187	U	27	21	42729.44	20	34696.88	8032.55	0.11	
