seqNum	seqRNA	posSeq	posRX	areaRX	posBG	areaBG	areaDiff	normDiff	
4	U	1499	1493	42729.49	1489	3414.35	39315.13	0.49	
5	G	1490	1484	27593.94	1479	4672.68	22921.26	0.28	
6	G	1482	1476	71178.53	1474	517.87	70660.66	0.88	
7	G	1473	1467	29138.11	1466	2152.49	26985.62	0.33	
8	U	1465	1458	47087.75	1455	4272.89	42814.86	0.53	
9	U	1454	1448	48845.85	1442	1726.03	47119.82	0.58	
10	G	1444	1440	14343.85	1436	7929.87	6413.99	0.08	
11	G	1437	1432	26835.0	1429	11109.21	15725.79	0.19	
12	G	1430	1424	79055.44	1424	10730.37	68325.07	0.85	
13	A	1422	1415	92900.27	1416	11511.95	81388.32	1.01	
14	A	1413	1405	116740.07	1405	7418.37	109321.7	1.35	
15	G	1403	1397	40596.45	1398	5201.37	35395.08	0.44	
16	U	1394	1388	34693.38	1390	6231.11	28462.27	0.35	
17	A	1387	1378	15216.76	1381	2588.19	12628.58	0.16	
18	U	1376	1370	8715.96	1367	1430.59	7285.37	0.09	
19	C	1367	1360	12108.28	1360	4423.22	7685.06	0.1	
20	A	1358	1350	8990.25	1348	2407.62	6582.64	0.08	
21	U	1348	1341	12497.64	1342	6061.99	6435.65	0.08	
22	G	1339	1333	6338.36	1334	1328.19	5010.16	0.06	
23	G	1331	1325	12640.86	1324	1105.61	11535.25	0.14	
24	C	1324	1316	29979.89	1317	5443.55	24536.35	0.3	
25	U	1314	1308	42947.54	1309	1946.91	41000.63	0.51	
26	A	1304	1299	78744.91	1300	3650.07	75094.84	0.93	
27	A	1297	1289	61100.9	1290	1592.23	59508.67	0.74	
28	U	1287	1281	48027.84	1280	1574.1	46453.74	0.58	
29	C	1279	1272	47335.14	1272	8795.52	38539.62	0.48	
30	A	1270	1262	29790.86	1263	2261.15	27529.71	0.34	
31	C	1260	1252	10897.47	1252	3856.78	7040.7	0.09	
32	C	1250	1242	15644.3	1243	8596.7	7047.6	0.09	
33	A	1241	1233	4094.41	1235	861.97	3232.44	0.04	
34	U	1230	1224	5862.26	1223	3308.67	2553.59	0.03	
35	G	1221	1215	12022.83	1216	6920.66	5102.17	0.06	
36	A	1215	1206	8411.51	1206	1287.85	7123.66	0.09	
37	U	1206	1197	9156.88	1198	2218.97	6937.91	0.09	
38	G	1198	1189	35227.08	1190	4552.43	30674.65	0.38	
39	C	1189	1180	20315.45	1180	5708.9	14606.55	0.18	
40	A	1180	1171	50162.32	1171	5197.83	44964.48	0.56	
41	A	1171	1161	56615.01	1162	2662.97	53952.04	0.67	
42	U	1161	1152	44352.12	1151	2850.53	41501.6	0.51	
43	C	1152	1142	44801.2	1142	20832.7	23968.49	0.3	
44	G	1141	1134	16925.34	1130	8286.15	8639.19	0.11	
45	G	1133	1127	39185.83	1125	19308.65	19877.18	0.25	
46	G	1126	1119	33182.9	1118	24053.52	9129.38	0.11	
47	U	1118	1111	52374.65	1112	13407.36	38967.29	0.48	
48	U	1109	1103	63491.38	1102	7537.88	55953.5	0.69	
49	G	1102	1096	68574.2	1094	6173.19	62401.01	0.77	
50	A	1094	1087	64261.1	1086	3536.56	60724.55	0.75	
51	A	1085	1078	62098.05	1075	4343.53	57754.51	0.72	
52	C	1076	1069	94623.76	1068	36564.63	58059.13	0.72	
53	A	1068	1060	68243.38	1059	6313.7	61929.68	0.77	
54	C	1059	1051	36177.83	1049	7856.13	28321.7	0.35	
55	U	1050	1043	51554.6	1041	2409.41	49145.19	0.61	
56	U	1041	1034	66929.45	1032	4581.6	62347.84	0.77	
57	A	1033	1025	110062.37	1020	5877.84	104184.53	1.29	
58	A	1024	1016	99664.88	1014	59704.55	39960.33	0.49	
59	U	1014	1007	49354.78	1006	24239.61	25115.17	0.31	
60	U	1005	998	29332.09	996	1573.77	27758.32	0.34	
61	G	996	990	39784.49	988	3417.58	36366.91	0.45	
62	G	989	983	67284.82	981	14660.67	52624.15	0.65	
63	G	982	976	87717.3	974	47241.71	40475.59	0.5	
64	U	974	968	63845.04	967	9862.3	53982.73	0.67	
65	U	965	960	132839.22	959	29930.3	102908.92	1.27	
66	A	958	951	119543.62	950	31269.45	88274.18	1.09	
67	A	950	942	51070.87	941	4947.99	46122.88	0.57	
68	A	941	933	66380.96	932	5388.62	60992.34	0.76	
69	A	932	923	44716.16	922	1700.74	43015.42	0.53	
70	C	923	913	41330.41	913	16754.38	24576.02	0.3	
71	G	912	905	23368.04	905	3807.79	19560.25	0.24	
72	G	904	898	33454.25	897	3303.3	30150.95	0.37	
73	U	896	888	8085.86	887	1232.41	6853.45	0.08	
74	G	887	880	15152.46	879	1675.38	13477.08	0.17	
75	G	880	873	17852.23	872	5799.73	12052.5	0.15	
76	G	873	866	39293.78	866	27509.1	11784.68	0.15	
77	G	865	859	51689.61	859	42044.32	9645.29	0.12	
78	G	858	852	55140.78	852	13298.57	41842.21	0.52	
79	A	851	843	61260.6	842	1353.24	59907.36	0.74	
80	C	843	834	50303.3	834	17635.67	32667.63	0.4	
81	G	834	827	66568.59	827	8185.82	58382.77	0.72	
82	A	827	818	58991.14	819	3924.85	55066.28	0.68	
83	U	818	810	45111.08	810	3438.44	41672.63	0.52	
84	C	810	801	37964.18	801	22678.26	15285.92	0.19	
85	C	801	792	59225.38	793	45999.74	13225.65	0.16	
86	C	792	783	141398.94	784	139223.11	2175.83	0.03	
87	G	783	776	58952.53	776	13065.66	45886.87	0.57	
88	U	776	769	53356.79	769	4397.47	48959.31	0.61	
89	A	769	761	85048.26	762	3029.6	82018.67	1.02	
90	A	761	752	59580.27	752	2337.63	57242.64	0.71	
91	C	753	744	65390.16	745	6168.44	59221.71	0.73	
92	A	744	735	68333.59	736	2426.22	65907.37	0.82	
93	U	735	727	42936.08	728	820.69	42115.39	0.52	
94	C	727	718	30191.67	719	3406.95	26784.72	0.33	
95	C	719	709	36279.02	711	17972.38	18306.64	0.23	
96	G	710	702	42481.73	704	15502.7	26979.03	0.33	
97	U	703	695	22485.21	696	4054.47	18430.74	0.23	
98	C	695	687	24697.11	687	5411.03	19286.08	0.24	
99	C	687	678	28296.5	679	3354.56	24941.94	0.31	
100	U	678	670	47180.91	670	2602.19	44578.72	0.55	
101	A	670	662	67668.9	662	3970.07	63698.83	0.79	
102	A	662	653	49487.65	653	2241.97	47245.68	0.59	
103	C	653	643	34236.96	643	11268.46	22968.51	0.28	
104	G	643	636	29472.92	636	5138.26	24334.66	0.3	
105	G	636	630	33092.89	629	8774.92	24317.97	0.3	
106	C	629	621	53287.45	620	29886.67	23400.78	0.29	
107	G	621	614	46759.04	613	6988.36	39770.68	0.49	
108	A	613	605	48169.48	605	3892.06	44277.42	0.55	
109	C	605	597	88483.72	597	24054.76	64428.96	0.8	
110	A	597	588	73286.77	588	6416.01	66870.76	0.83	
111	G	588	582	66061.84	582	5053.9	61007.94	0.76	
112	A	582	573	46880.29	573	1260.33	45619.96	0.56	
113	C	573	565	48941.84	565	18365.18	30576.66	0.38	
114	U	564	557	40571.07	557	3896.62	36674.46	0.45	
115	G	556	550	61141.05	550	3156.97	57984.08	0.72	
116	C	550	541	60814.17	542	11523.73	49290.44	0.61	
117	A	542	533	57196.98	533	4093.18	53103.8	0.66	
118	C	533	523	54462.24	524	28165.77	26296.47	0.33	
119	G	524	517	54111.25	517	6143.74	47967.51	0.59	
120	G	517	510	23770.16	510	2709.34	21060.82	0.26	
121	C	511	502	10647.19	502	2631.47	8015.72	0.1	
122	C	502	493	12021.27	493	6444.21	5577.06	0.07	
123	C	493	485	23364.28	485	11719.89	11644.39	0.14	
124	U	485	477	22065.3	478	2043.04	20022.25	0.25	
125	G	477	471	23435.08	470	1402.74	22032.34	0.27	
126	C	471	462	29326.95	462	27537.63	1789.33	0.02	
127	C	462	454	126428.28	454	132030.23	-5601.95	-0.07	
128	U	454	446	52370.68	446	13424.91	38945.77	0.48	
129	C	447	438	32198.41	438	5828.82	26369.59	0.33	
130	U	438	430	37140.61	430	3161.07	33979.54	0.42	
131	U	429	421	59308.49	421	8695.82	50612.67	0.63	
132	A	422	413	48441.73	413	2777.11	45664.62	0.57	
133	G	413	406	37814.94	406	2110.71	35704.23	0.44	
134	G	406	400	40700.01	399	2704.13	37995.88	0.47	
135	U	399	393	5878.74	392	1384.94	4493.79	0.06	
136	G	392	386	34481.18	386	1010.3	33470.88	0.41	
137	U	386	379	18648.37	379	2609.26	16039.11	0.2	
138	G	379	373	39589.47	372	4792.79	34796.68	0.43	
139	U	373	366	39257.52	365	2647.12	36610.4	0.45	
140	U	365	358	33941.63	357	1542.1	32399.53	0.4	
141	C	358	350	24867.13	350	2590.75	22276.38	0.28	
142	A	350	342	44971.09	342	2115.75	42855.34	0.53	
143	A	342	334	56237.89	334	2481.28	53756.61	0.67	
144	U	334	327	53478.81	328	3549.35	49929.45	0.62	
145	G	327	321	40206.38	322	3174.86	37031.52	0.46	
146	A	322	313	41982.37	315	1796.6	40185.76	0.5	
147	A	313	305	41423.85	305	2409.92	39013.93	0.48	
148	C	306	297	59080.83	297	6674.06	52406.76	0.65	
149	A	297	289	39302.25	289	2452.64	36849.61	0.46	
150	G	289	283	42110.1	283	3298.91	38811.2	0.48	
151	U	283	276	37724.82	276	1775.21	35949.62	0.45	
152	C	276	268	39841.46	268	8275.84	31565.62	0.39	
153	G	268	262	18463.14	261	1770.79	16692.35	0.21	
154	U	262	255	19563.82	255	1228.11	18335.71	0.23	
155	U	255	248	17698.13	247	929.27	16768.86	0.21	
156	C	248	239	13854.33	239	3381.51	10472.83	0.13	
157	C	240	231	18291.82	230	2859.94	15431.88	0.19	
158	G	231	224	22085.38	223	2312.78	19772.6	0.24	
159	A	224	216	79929.79	215	29891.96	50037.82	0.62	
160	A	216	208	40437.66	207	3171.4	37266.26	0.46	
161	A	208	199	24272.22	200	2272.49	21999.72	0.27	
162	G	199	194	15015.28	194	689.21	14326.07	0.18	
163	G	194	189	16826.03	189	2264.84	14561.19	0.18	
164	A	189	182	22694.87	182	3915.51	18779.35	0.23	
165	A	182	175	21371.32	178	49.41	21321.92	0.26	
166	G	176	170	184052.43	170	36012.23	148040.2	1.83	
167	C	170	162	85017.95	163	9387.4	75630.56	0.94	
168	A	162	154	54008.54	154	2558.6	51449.95	0.64	
169	U	154	147	320421.32	147	138424.3	181997.03	2.25	
170	C	147	140	56110.95	139	10469.9	45641.04	0.57	
171	C	142	131	52626.85	131	17546.41	35080.44	0.43	
172	G	130	126	45018.15	124	6539.18	38478.98	0.48	
173	G	126	121	38881.79	119	3282.88	35598.92	0.44	
174	U	121	116	34177.54	115	2718.86	31458.68	0.39	
175	A	117	109	42641.48	109	4797.8	37843.68	0.47	
176	U	108	103	26325.54	102	3861.11	22464.42	0.28	
177	C	102	95	19956.62	95	6454.77	13501.86	0.17	
178	C	94	88	11096.48	89	3053.48	8043.0	0.1	
179	C	87	80	18301.96	80	11132.99	7168.97	0.09	
180	A	78	73	26003.88	73	5085.37	20918.5	0.26	
181	A	70	65	27004.48	66	4273.69	22730.79	0.28	
182	G	64	61	15709.4	61	2817.37	12892.03	0.16	
183	A	60	55	23869.56	54	1683.75	22185.81	0.27	
184	C	53	49	39965.16	47	21350.7	18614.46	0.23	
185	A	46	42	21322.78	40	8472.09	12850.69	0.16	
186	A	38	36	29702.16	30	9867.74	19834.42	0.25	
187	U	31	30	39899.7	23	20276.87	19622.83	0.24	
