seqNum	seqRNA	posSeq	posRX	areaRX	posBG	areaBG	areaDiff	normDiff	
4	U	1461	1454	26230.75	1453	1113.84	25116.91	0.27	
5	G	1453	1446	65840.54	1447	5408.13	60432.42	0.65	
6	G	1444	1438	92631.81	1437	3375.99	89255.82	0.97	
7	G	1435	1429	21927.91	1429	4723.75	17204.16	0.19	
8	U	1427	1420	52883.78	1420	2696.43	50187.35	0.54	
9	U	1419	1411	53299.08	1410	5330.78	47968.29	0.52	
10	G	1411	1403	62188.25	1397	4196.15	57992.1	0.63	
11	G	1399	1395	66875.02	1393	7819.32	59055.7	0.64	
12	G	1392	1387	93817.5	1387	17519.95	76297.55	0.83	
13	A	1388	1378	85965.93	1377	14813.36	71152.56	0.77	
14	A	1376	1368	72662.83	1366	9489.16	63173.67	0.68	
15	G	1368	1361	47950.96	1359	6570.74	41380.23	0.45	
16	U	1361	1352	44172.78	1352	7963.21	36209.57	0.39	
17	A	1352	1342	53390.66	1343	3344.74	50045.92	0.54	
18	U	1341	1334	31200.97	1331	1087.29	30113.69	0.33	
19	C	1332	1324	34924.73	1323	6069.51	28855.22	0.31	
20	A	1323	1315	62227.81	1311	3153.59	59074.22	0.64	
21	U	1310	1306	62344.13	1305	7882.04	54462.09	0.59	
22	G	1297	1298	70442.89	1297	1485.86	68957.03	0.75	
23	G	1292	1290	57683.28	1288	1733.17	55950.11	0.61	
24	C	1288	1281	44803.69	1280	7240.58	37563.11	0.41	
25	U	1283	1273	47831.47	1273	2586.76	45244.72	0.49	
26	A	1279	1264	81877.9	1265	4857.75	77020.15	0.83	
27	A	1271	1255	81172.68	1255	3073.08	78099.59	0.85	
28	U	1256	1247	53160.94	1244	1981.1	51179.85	0.55	
29	C	1248	1237	51221.46	1237	11206.32	40015.14	0.43	
30	A	1237	1228	63957.91	1228	2986.54	60971.37	0.66	
31	C	1227	1219	20933.76	1217	5010.45	15923.31	0.17	
32	C	1216	1209	55930.96	1209	11320.6	44610.36	0.48	
33	A	1211	1200	42542.17	1202	1105.34	41436.83	0.45	
34	U	1202	1192	42592.21	1191	4553.31	38038.91	0.41	
35	G	1188	1184	87060.56	1184	9156.05	77904.51	0.84	
36	A	1184	1175	69958.37	1175	1664.98	68293.39	0.74	
37	U	1174	1167	48462.05	1167	3181.2	45280.84	0.49	
38	G	1165	1160	80005.19	1160	5337.65	74667.54	0.81	
39	C	1159	1151	33062.59	1151	7231.22	25831.37	0.28	
40	A	1151	1142	60865.42	1143	6632.97	54232.45	0.59	
41	A	1144	1134	66735.2	1134	2740.22	63994.98	0.69	
42	U	1134	1126	52992.56	1126	3397.47	49595.08	0.54	
43	C	1124	1117	62167.0	1117	27466.31	34700.69	0.38	
44	G	1113	1110	71799.96	1108	9900.06	61899.9	0.67	
45	G	1106	1103	110453.37	1102	28304.55	82148.82	0.89	
46	G	1098	1096	70568.16	1094	33283.44	37284.72	0.4	
47	U	1090	1089	54913.06	1087	18742.66	36170.4	0.39	
48	U	1084	1082	48592.79	1077	10257.99	38334.8	0.41	
49	G	1077	1076	66400.37	1070	8115.58	58284.79	0.63	
50	A	1069	1068	68671.46	1061	5427.31	63244.15	0.68	
51	A	1062	1060	69557.61	1047	9560.2	59997.41	0.65	
52	C	1050	1053	86361.36	1042	49953.11	36408.25	0.39	
53	A	1042	1045	72176.24	1031	9028.15	63148.09	0.68	
54	C	1034	1035	38443.04	1019	11057.84	27385.2	0.3	
55	U	1022	1026	47372.06	1012	2810.15	44561.92	0.48	
56	U	1018	1017	56653.02	1004	6163.74	50489.28	0.55	
57	A	1009	1007	110720.61	995	7452.55	103268.06	1.12	
58	A	998	997	110791.91	988	76082.24	34709.68	0.38	
59	U	990	987	78073.38	980	34961.79	43111.59	0.47	
60	U	982	977	54947.19	971	1431.45	53515.75	0.58	
61	G	976	969	94709.6	965	4920.91	89788.69	0.97	
62	G	966	961	152189.73	959	17450.18	134739.55	1.46	
63	G	958	953	207717.06	953	74690.25	133026.81	1.44	
64	U	951	945	74060.26	945	15119.44	58940.82	0.64	
65	U	942	937	105747.23	936	44593.97	61153.26	0.66	
66	A	935	928	136507.84	927	47542.72	88965.11	0.96	
67	A	927	918	76620.28	918	8702.95	67917.33	0.73	
68	A	920	909	78776.99	908	8709.14	70067.85	0.76	
69	A	907	900	75693.22	898	2497.8	73195.43	0.79	
70	C	898	890	67940.34	889	26729.42	41210.92	0.45	
71	G	888	883	66905.22	881	6009.03	60896.19	0.66	
72	G	879	875	98449.01	874	4856.78	93592.23	1.01	
73	U	872	867	24091.16	864	2126.4	21964.76	0.24	
74	G	865	859	39232.64	857	2458.48	36774.16	0.4	
75	G	856	852	42314.2	850	9547.15	32767.04	0.35	
76	G	849	846	90106.1	844	41688.29	48417.81	0.52	
77	G	842	839	132965.72	838	55483.25	77482.47	0.84	
78	G	837	832	98750.43	831	20160.18	78590.25	0.85	
79	A	831	824	75171.9	822	2041.59	73130.31	0.79	
80	C	823	815	60780.56	814	25134.68	35645.88	0.39	
81	G	815	809	80594.16	808	12492.17	68101.99	0.74	
82	A	807	800	89174.51	800	6277.38	82897.14	0.9	
83	U	798	792	52961.98	791	5945.38	47016.6	0.51	
84	C	791	784	58330.76	783	35064.96	23265.79	0.25	
85	C	783	775	112034.29	775	79207.25	32827.04	0.36	
86	C	774	766	315745.5	766	227954.97	87790.52	0.95	
87	G	765	759	105939.12	759	16633.58	89305.54	0.97	
88	U	758	752	57589.34	753	7863.69	49725.65	0.54	
89	A	753	745	81182.57	745	5366.07	75816.5	0.82	
90	A	744	737	75146.15	736	3663.26	71482.89	0.77	
91	C	736	728	50725.2	729	9778.58	40946.62	0.44	
92	A	728	720	73525.76	720	3875.78	69649.98	0.75	
93	U	720	712	44576.7	712	1457.84	43118.86	0.47	
94	C	712	704	41459.21	703	5274.14	36185.07	0.39	
95	C	703	695	76298.35	695	33297.42	43000.93	0.47	
96	G	695	688	103662.44	688	24012.97	79649.47	0.86	
97	U	688	681	47963.95	681	6445.59	41518.36	0.45	
98	C	681	672	42145.24	672	9609.52	32535.72	0.35	
99	C	672	664	36121.37	664	5623.25	30498.12	0.33	
100	U	663	656	50809.78	656	4418.27	46391.51	0.5	
101	A	655	647	91570.42	647	6723.35	84847.07	0.92	
102	A	646	638	66466.83	639	4079.65	62387.18	0.68	
103	C	637	629	64245.32	629	19414.15	44831.18	0.49	
104	G	628	622	75497.88	622	9069.77	66428.11	0.72	
105	G	621	616	90213.77	615	13978.02	76235.75	0.82	
106	C	615	607	99960.74	607	46608.99	53351.75	0.58	
107	G	606	600	80799.8	600	14927.87	65871.92	0.71	
108	A	599	591	66035.33	591	6728.3	59307.02	0.64	
109	C	591	583	77379.57	583	42476.71	34902.85	0.38	
110	A	582	574	81889.53	574	11616.32	70273.21	0.76	
111	G	574	568	77147.55	568	8617.96	68529.59	0.74	
112	A	568	560	58633.54	560	2318.9	56314.64	0.61	
113	C	560	552	79190.86	552	31038.02	48152.84	0.52	
114	U	551	544	45425.5	544	7030.14	38395.36	0.42	
115	G	543	538	68372.41	537	5822.03	62550.37	0.68	
116	C	537	529	48863.23	529	20365.38	28497.85	0.31	
117	A	529	521	70783.07	520	6808.59	63974.48	0.69	
118	C	520	512	104818.28	512	47599.48	57218.8	0.62	
119	G	512	506	108655.31	505	10127.96	98527.36	1.07	
120	G	505	499	75535.08	500	5579.32	69955.76	0.76	
121	C	499	491	38760.07	491	4519.76	34240.3	0.37	
122	C	490	482	34851.63	482	10966.8	23884.83	0.26	
123	C	482	474	61746.79	474	19991.63	41755.16	0.45	
124	U	474	467	49173.22	467	4029.92	45143.29	0.49	
125	G	466	461	81590.11	460	2004.19	79585.91	0.86	
126	C	461	452	115706.21	452	48772.03	66934.18	0.72	
127	C	452	445	352454.97	444	214231.55	138223.42	1.5	
128	U	445	437	100722.49	437	24147.3	76575.19	0.83	
129	C	437	429	44029.96	429	10490.11	33539.85	0.36	
130	U	428	421	50371.95	421	5462.65	44909.3	0.49	
131	U	420	413	80381.21	412	15412.32	64968.89	0.7	
132	A	412	404	81293.16	404	4996.2	76296.95	0.83	
133	G	403	397	70169.52	397	3521.08	66648.44	0.72	
134	G	397	391	74533.21	391	5395.56	69137.65	0.75	
135	U	391	384	12783.04	384	1976.53	10806.51	0.12	
136	G	383	378	62338.14	378	1979.75	60358.39	0.65	
137	U	377	371	33414.09	371	4491.11	28922.98	0.31	
138	G	370	365	74631.3	365	9647.61	64983.68	0.7	
139	U	364	358	56007.83	358	4702.73	51305.11	0.56	
140	U	357	351	45209.24	350	2703.9	42505.34	0.46	
141	C	350	343	36108.04	342	3903.63	32204.41	0.35	
142	A	343	335	59443.3	336	3516.33	55926.97	0.61	
143	A	335	327	71001.93	327	4652.2	66349.73	0.72	
144	U	326	321	60240.07	321	6838.58	53401.49	0.58	
145	G	321	315	50657.81	315	5209.72	45448.09	0.49	
146	A	315	308	59607.13	308	4240.61	55366.52	0.6	
147	A	307	300	60220.94	299	4577.08	55643.86	0.6	
148	C	299	292	44711.65	291	11957.02	32754.62	0.35	
149	A	291	284	62553.36	283	5284.25	57269.11	0.62	
150	G	283	278	69415.6	277	4710.5	64705.1	0.7	
151	U	277	272	58885.8	272	2062.91	56822.89	0.61	
152	C	272	265	74947.43	264	13970.4	60977.03	0.66	
153	G	263	259	44372.32	258	3717.77	40654.55	0.44	
154	U	257	252	37666.91	251	2266.97	35399.94	0.38	
155	U	250	245	37699.37	244	1739.69	35959.68	0.39	
156	C	243	236	31535.73	236	6827.02	24708.71	0.27	
157	C	235	228	37743.46	227	5123.02	32620.43	0.35	
158	G	227	222	40126.14	221	3953.21	36172.93	0.39	
159	A	221	213	140591.96	213	51137.52	89454.44	0.97	
160	A	213	206	68073.61	206	6997.42	61076.19	0.66	
161	A	206	198	43484.09	198	4958.03	38526.06	0.42	
162	G	198	193	40410.74	192	1300.4	39110.34	0.42	
163	G	192	188	55828.1	187	4339.92	51488.18	0.56	
164	A	188	180	58625.35	180	7015.54	51609.81	0.56	
165	A	180	173	50831.0	175	1878.91	48952.09	0.53	
166	G	174	168	139030.39	168	71162.49	67867.9	0.73	
167	C	168	161	54510.24	161	16821.72	37688.52	0.41	
168	A	161	153	59794.69	154	3866.91	55927.78	0.61	
169	U	153	146	277491.33	146	268414.33	9077.0	0.1	
170	C	146	138	57266.51	138	19461.55	37804.97	0.41	
171	C	136	130	88710.13	130	32898.15	55811.98	0.6	
172	G	130	122	78771.43	123	13169.28	65602.15	0.71	
173	G	121	116	45474.72	116	9797.59	35677.13	0.39	
174	U	115	108	72710.39	109	8987.82	63722.57	0.69	
175	A	108	101	41681.33	102	5751.31	35930.01	0.39	
176	U	103	93	39862.07	95	11346.06	28516.01	0.31	
177	C	94	85	28324.2	90	5862.6	22461.6	0.24	
178	C	85	77	40156.86	81	21850.19	18306.67	0.2	
179	C	78	70	51743.9	74	11057.68	40686.22	0.44	
180	A	71	62	41930.99	67	8222.18	33708.81	0.36	
181	A	65	58	44593.9	62	5557.58	39036.32	0.42	
182	G	60	51	38711.39	59	21.14	38690.25	0.42	
183	A	54	44	68116.54	50	41422.5	26694.04	0.29	
184	C	47	37	47896.79	43	9343.84	38552.96	0.42	
185	A	39	29	57948.93	35	18871.43	39077.5	0.42	
186	A	32	24	67520.49	27	41436.39	26084.1	0.28	
187	U	27	18	88433.6	20	77943.02	10490.58	0.11	
