seqNum	seqRNA	posSeq	posRX	areaRX	posBG	areaBG	areaDiff	normDiff	
4	U	1499	1491	17752.08	1488	1741.39	16010.69	0.5	
5	G	1490	1481	20215.98	1478	2501.63	17714.35	0.55	
6	G	1482	1474	35434.44	1473	273.08	35161.36	1.09	
7	G	1473	1465	13952.14	1465	1233.48	12718.66	0.39	
8	U	1465	1455	20417.26	1454	2449.12	17968.14	0.56	
9	U	1454	1446	24077.28	1441	1034.78	23042.5	0.72	
10	G	1444	1438	13202.01	1435	4327.72	8874.29	0.28	
11	G	1437	1429	20730.85	1429	4612.44	16118.41	0.5	
12	G	1430	1422	39127.62	1424	7581.45	31546.17	0.98	
13	A	1422	1413	46999.81	1415	6690.85	40308.97	1.25	
14	A	1413	1403	49680.8	1404	4317.48	45363.32	1.41	
15	G	1403	1395	13438.67	1397	2987.06	10451.61	0.32	
16	U	1394	1386	15295.7	1389	3566.22	11729.48	0.36	
17	A	1387	1376	5066.86	1380	1502.93	3563.92	0.11	
18	U	1376	1368	4097.29	1366	482.71	3614.59	0.11	
19	C	1367	1359	14520.17	1360	2586.19	11933.99	0.37	
20	A	1358	1349	5419.07	1347	1319.45	4099.62	0.13	
21	U	1348	1340	14380.56	1341	3486.43	10894.13	0.34	
22	G	1339	1332	6780.79	1333	633.39	6147.4	0.19	
23	G	1331	1324	6675.14	1324	825.38	5849.76	0.18	
24	C	1324	1315	9770.94	1316	3251.84	6519.1	0.2	
25	U	1314	1306	7085.92	1306	1188.89	5897.03	0.18	
26	A	1304	1297	18962.6	1298	2142.33	16820.27	0.52	
27	A	1297	1288	14318.17	1290	1042.5	13275.67	0.41	
28	U	1287	1279	14202.86	1279	853.25	13349.61	0.41	
29	C	1279	1270	16257.99	1272	5054.79	11203.2	0.35	
30	A	1270	1261	9958.76	1263	1342.1	8616.66	0.27	
31	C	1260	1250	2971.24	1252	2274.15	697.08	0.02	
32	C	1250	1241	13242.75	1243	5007.61	8235.15	0.26	
33	A	1241	1229	3474.7	1236	496.96	2977.74	0.09	
34	U	1230	1223	8286.23	1223	1950.42	6335.81	0.2	
35	G	1221	1216	12791.5	1216	3961.88	8829.62	0.27	
36	A	1215	1208	6158.45	1206	733.95	5424.5	0.17	
37	U	1206	1197	4273.68	1197	1645.87	2627.8	0.08	
38	G	1198	1190	11220.63	1189	2202.95	9017.68	0.28	
39	C	1189	1181	10436.17	1180	3489.55	6946.63	0.22	
40	A	1180	1171	24249.81	1171	2960.77	21289.04	0.66	
41	A	1171	1162	23997.25	1161	1525.66	22471.59	0.7	
42	U	1161	1152	13498.65	1151	1720.87	11777.78	0.37	
43	C	1152	1142	30819.7	1141	12220.56	18599.13	0.58	
44	G	1141	1133	18239.46	1131	4377.59	13861.88	0.43	
45	G	1133	1126	47716.81	1125	12207.93	35508.88	1.1	
46	G	1126	1118	35105.81	1117	14089.63	21016.18	0.65	
47	U	1118	1110	21008.39	1111	7834.94	13173.44	0.41	
48	U	1109	1102	21296.67	1101	4371.09	16925.58	0.53	
49	G	1102	1095	11744.25	1094	3198.35	8545.9	0.27	
50	A	1094	1086	12047.69	1086	1904.45	10143.23	0.31	
51	A	1085	1077	15552.81	1073	3878.62	11674.18	0.36	
52	C	1076	1068	46468.14	1068	19270.35	27197.79	0.84	
53	A	1068	1059	15693.16	1059	3586.89	12106.27	0.38	
54	C	1059	1050	13273.23	1050	4377.56	8895.67	0.28	
55	U	1050	1041	14350.5	1042	1391.01	12959.48	0.4	
56	U	1041	1033	14050.57	1033	2598.87	11451.7	0.36	
57	A	1033	1024	20637.59	1021	3569.54	17068.06	0.53	
58	A	1024	1015	42987.75	1014	33592.77	9394.98	0.29	
59	U	1014	1006	18502.29	1006	15278.11	3224.18	0.1	
60	U	1005	997	7313.03	996	1608.24	5704.79	0.18	
61	G	996	990	7966.74	988	2804.21	5162.53	0.16	
62	G	989	983	25262.17	981	8945.63	16316.54	0.51	
63	G	982	975	98763.84	974	28036.35	70727.5	2.2	
64	U	974	967	22552.69	967	5775.66	16777.03	0.52	
65	U	965	959	53645.68	959	17326.47	36319.21	1.13	
66	A	958	950	59850.96	950	18396.88	41454.08	1.29	
67	A	950	941	26411.66	941	2563.79	23847.87	0.74	
68	A	941	932	26570.95	931	2661.81	23909.14	0.74	
69	A	932	922	13854.52	922	1641.21	12213.31	0.38	
70	C	923	912	20456.03	912	10955.89	9500.14	0.29	
71	G	912	904	7947.71	904	2529.69	5418.02	0.17	
72	G	904	897	10831.05	897	2123.7	8707.35	0.27	
73	U	896	888	3429.11	887	1197.61	2231.5	0.07	
74	G	887	880	6261.6	879	601.84	5659.76	0.18	
75	G	880	873	11905.07	871	2828.48	9076.59	0.28	
76	G	873	866	38573.75	865	17548.37	21025.38	0.65	
77	G	865	859	49055.11	858	24006.35	25048.76	0.78	
78	G	858	852	61646.53	851	7275.43	54371.1	1.69	
79	A	851	843	86036.6	842	1165.69	84870.91	2.64	
80	C	843	834	67525.04	833	11308.02	56217.03	1.75	
81	G	834	827	28062.8	826	4794.9	23267.9	0.72	
82	A	827	819	29531.68	818	2556.46	26975.21	0.84	
83	U	818	811	40995.43	810	2040.9	38954.53	1.21	
84	C	810	802	22001.33	801	13396.81	8604.53	0.27	
85	C	801	793	46227.82	793	27813.02	18414.79	0.57	
86	C	792	784	113027.08	784	79872.68	33154.39	1.03	
87	G	783	777	22282.55	776	8069.45	14213.1	0.44	
88	U	776	770	17114.57	769	2617.64	14496.93	0.45	
89	A	769	762	23489.79	762	1822.39	21667.4	0.67	
90	A	761	753	16635.62	752	1342.75	15292.88	0.47	
91	C	753	745	19100.65	745	3620.35	15480.3	0.48	
92	A	744	736	84056.91	736	1376.19	82680.72	2.57	
93	U	735	728	36068.12	727	446.09	35622.03	1.11	
94	C	727	719	10476.42	718	2083.4	8393.02	0.26	
95	C	719	710	19307.49	710	11898.51	7408.98	0.23	
96	G	710	704	21263.08	703	8377.05	12886.03	0.4	
97	U	703	696	7543.83	696	2201.76	5342.07	0.17	
98	C	695	687	8798.23	687	3717.47	5080.76	0.16	
99	C	687	679	9020.24	678	1984.43	7035.8	0.22	
100	U	678	671	21625.5	670	1611.01	20014.49	0.62	
101	A	670	662	23906.05	662	2369.07	21536.98	0.67	
102	A	662	653	13261.29	653	1043.26	12218.03	0.38	
103	C	653	644	14055.37	643	6747.26	7308.11	0.23	
104	G	643	637	14178.08	636	2367.51	11810.58	0.37	
105	G	636	630	18539.77	630	4517.27	14022.5	0.44	
106	C	629	621	39571.04	621	15860.33	23710.72	0.74	
107	G	621	614	16678.52	614	4320.39	12358.13	0.38	
108	A	613	606	19721.68	605	1837.63	17884.05	0.56	
109	C	605	597	34086.71	597	13345.76	20740.96	0.64	
110	A	597	589	59663.78	588	3577.09	56086.69	1.74	
111	G	588	582	19376.58	581	2940.68	16435.9	0.51	
112	A	582	573	6643.7	573	1294.21	5349.48	0.17	
113	C	573	565	20824.95	564	12818.54	8006.42	0.25	
114	U	564	557	8205.69	556	2638.76	5566.93	0.17	
115	G	556	551	10770.11	550	2197.25	8572.86	0.27	
116	C	550	542	18396.14	542	7781.58	10614.56	0.33	
117	A	542	533	19355.09	533	2679.37	16675.71	0.52	
118	C	533	524	37638.47	524	16883.74	20754.73	0.64	
119	G	524	518	16148.75	517	3829.08	12319.66	0.38	
120	G	517	511	7599.94	511	2169.44	5430.5	0.17	
121	C	511	503	3598.56	502	1629.82	1968.74	0.06	
122	C	502	494	7664.92	493	3942.14	3722.78	0.12	
123	C	493	485	11601.45	485	6926.71	4674.74	0.15	
124	U	485	478	5036.03	476	1298.92	3737.11	0.12	
125	G	477	471	2206.2	470	748.29	1457.91	0.05	
126	C	471	463	24083.02	462	16443.42	7639.61	0.24	
127	C	462	455	115558.77	454	80345.63	35213.14	1.09	
128	U	454	447	32741.98	446	8190.62	24551.36	0.76	
129	C	447	438	48191.05	439	3561.77	44629.29	1.39	
130	U	438	430	41911.35	430	2019.96	39891.39	1.24	
131	U	429	422	68667.88	422	5529.23	63138.65	1.96	
132	A	422	413	32541.71	413	1767.56	30774.15	0.96	
133	G	413	406	6344.38	406	1210.93	5133.45	0.16	
134	G	406	400	4956.81	400	1893.02	3063.8	0.1	
135	U	399	393	1811.93	391	823.74	988.19	0.03	
136	G	392	387	3143.35	386	536.34	2607.01	0.08	
137	U	386	380	2246.41	379	1556.64	689.77	0.02	
138	G	379	373	7239.95	373	3278.06	3961.89	0.12	
139	U	373	367	5316.87	365	1645.77	3671.1	0.11	
140	U	365	359	3959.22	358	908.63	3050.59	0.09	
141	C	358	351	3858.76	350	1586.07	2272.69	0.07	
142	A	350	343	9065.26	342	1323.17	7742.08	0.24	
143	A	342	334	20210.48	334	1635.7	18574.77	0.58	
144	U	334	328	22628.35	327	2563.3	20065.06	0.62	
145	G	327	322	31539.83	321	1606.81	29933.02	0.93	
146	A	322	314	34889.6	314	1478.39	33411.22	1.04	
147	A	313	306	20869.82	306	1222.03	19647.79	0.61	
148	C	306	298	9560.04	297	4121.68	5438.37	0.17	
149	A	297	289	8739.7	289	1704.38	7035.32	0.22	
150	G	289	283	5315.53	282	1990.12	3325.41	0.1	
151	U	283	276	3434.62	277	706.56	2728.06	0.08	
152	C	276	269	10737.69	268	4665.19	6072.5	0.19	
153	G	268	263	5491.86	262	1388.35	4103.52	0.13	
154	U	262	255	5075.94	254	806.28	4269.66	0.13	
155	U	255	248	3147.33	247	584.63	2562.7	0.08	
156	C	248	240	4072.16	239	2466.28	1605.89	0.05	
157	C	240	231	5835.92	230	2139.6	3696.32	0.11	
158	G	231	224	5342.48	223	2088.98	3253.5	0.1	
159	A	224	216	39995.36	215	17100.95	22894.41	0.71	
160	A	216	208	17185.85	208	1478.39	15707.46	0.49	
161	A	208	200	68180.6	201	586.05	67594.55	2.1	
162	G	199	194	5626.7	195	480.45	5146.25	0.16	
163	G	194	190	3644.13	189	1045.32	2598.81	0.08	
164	A	189	182	5186.33	182	2314.49	2871.84	0.09	
165	A	182	175	7140.24	177	12.31	7127.93	0.22	
166	G	176	170	52642.19	170	21761.58	30880.61	0.96	
167	C	170	163	29558.74	163	6086.69	23472.05	0.73	
168	A	162	155	18232.14	156	1790.62	16441.53	0.51	
169	U	154	148	141769.4	148	88825.24	52944.16	1.64	
170	C	147	140	10806.75	140	8922.1	1884.64	0.06	
171	C	142	131	18763.98	131	11292.3	7471.69	0.23	
172	G	130	125	18073.22	125	3866.79	14206.43	0.44	
173	G	126	120	6475.48	120	2033.02	4442.46	0.14	
174	U	121	116	8848.29	116	2627.36	6220.93	0.19	
175	A	117	109	16580.76	110	2476.84	14103.92	0.44	
176	U	108	102	13989.71	103	2511.25	11478.46	0.36	
177	C	102	94	14363.25	94	4219.93	10143.33	0.31	
178	C	94	89	8314.52	88	2025.22	6289.3	0.2	
179	C	87	79	14784.39	79	7353.71	7430.68	0.23	
180	A	78	72	9822.63	72	4223.11	5599.52	0.17	
181	A	70	65	8411.47	65	2626.4	5785.07	0.18	
182	G	64	60	10074.89	59	1963.98	8110.91	0.25	
183	A	60	49	5500.66	55	18.77	5481.89	0.17	
184	C	53	45	22506.44	46	11925.75	10580.69	0.33	
185	A	46	40	32533.84	39	3003.95	29529.89	0.92	
186	A	38	31	15760.31	33	3361.23	12399.07	0.39	
187	U	31	26	24835.45	26	9624.42	15211.03	0.47	
