seqNum	seqRNA	posSeq	posRX	areaRX	posBG	areaBG	areaDiff	normDiff	
4	U	1499	1496	56909.73	1490	2582.22	54327.51	0.53	
5	G	1490	1486	47415.06	1480	3750.99	43664.08	0.43	
6	G	1482	1479	97996.8	1471	800.73	97196.08	0.95	
7	G	1473	1469	26682.48	1467	1378.37	25304.11	0.25	
8	U	1465	1460	124916.17	1456	3575.47	121340.7	1.19	
9	U	1454	1451	82394.22	1441	2518.4	79875.81	0.78	
10	G	1444	1442	21635.36	1436	6158.04	15477.32	0.15	
11	G	1437	1434	43558.32	1427	11463.49	32094.83	0.31	
12	G	1430	1426	90174.89	1422	5787.76	84387.13	0.83	
13	A	1422	1416	90582.23	1415	9777.6	80804.63	0.79	
14	A	1413	1407	97291.02	1404	6295.37	90995.65	0.89	
15	G	1403	1399	72782.25	1397	4388.27	68393.98	0.67	
16	U	1394	1391	70360.54	1389	5240.22	65120.32	0.64	
17	A	1387	1382	59591.63	1380	2189.39	57402.24	0.56	
18	U	1376	1373	50374.82	1368	791.4	49583.42	0.49	
19	C	1367	1363	41742.99	1360	4028.84	37714.16	0.37	
20	A	1358	1354	61734.13	1348	2046.53	59687.6	0.58	
21	U	1348	1346	59385.35	1341	5016.46	54368.89	0.53	
22	G	1339	1338	50129.65	1333	737.96	49391.69	0.48	
23	G	1331	1331	31949.5	1324	1045.6	30903.9	0.3	
24	C	1324	1322	61003.47	1316	4745.5	56257.97	0.55	
25	U	1314	1313	40041.99	1306	1658.26	38383.73	0.38	
26	A	1304	1305	62003.98	1298	3047.98	58956.0	0.58	
27	A	1297	1295	63966.05	1290	2088.02	61878.03	0.61	
28	U	1287	1287	61371.61	1279	1368.51	60003.1	0.59	
29	C	1279	1278	53360.11	1271	7451.29	45908.82	0.45	
30	A	1270	1268	64096.16	1262	1788.49	62307.66	0.61	
31	C	1260	1259	38179.41	1251	3220.09	34959.32	0.34	
32	C	1250	1249	91120.05	1242	7355.13	83764.92	0.82	
33	A	1241	1240	29678.27	1235	770.02	28908.25	0.28	
34	U	1230	1231	61086.45	1223	2954.42	58132.03	0.57	
35	G	1221	1223	87641.57	1215	5779.66	81861.91	0.8	
36	A	1215	1212	66420.44	1204	1226.47	65193.97	0.64	
37	U	1206	1203	66722.17	1195	2285.49	64436.68	0.63	
38	G	1198	1194	111034.51	1187	3341.9	107692.61	1.05	
39	C	1189	1184	43859.03	1178	4415.91	39443.13	0.39	
40	A	1180	1174	76845.13	1170	4155.4	72689.73	0.71	
41	A	1171	1163	79183.53	1162	2059.24	77124.28	0.75	
42	U	1161	1154	74493.87	1152	2531.83	71962.04	0.7	
43	C	1152	1143	89268.29	1142	18016.77	71251.53	0.7	
44	G	1141	1135	49047.43	1131	6261.95	42785.48	0.42	
45	G	1133	1128	89054.72	1126	17603.74	71450.98	0.7	
46	G	1126	1120	45387.48	1118	20906.69	24480.79	0.24	
47	U	1118	1112	71722.94	1112	11496.75	60226.19	0.59	
48	U	1109	1104	91539.76	1102	6480.43	85059.32	0.83	
49	G	1102	1096	68517.73	1095	4992.07	63525.65	0.62	
50	A	1094	1087	78222.5	1087	3387.62	74834.88	0.73	
51	A	1085	1078	66390.9	1075	4489.03	61901.87	0.61	
52	C	1076	1070	101894.4	1068	32192.86	69701.53	0.68	
53	A	1068	1060	95951.78	1059	5588.98	90362.8	0.88	
54	C	1059	1051	39637.58	1049	7068.18	32569.4	0.32	
55	U	1050	1043	78624.29	1041	2069.84	76554.45	0.75	
56	U	1041	1034	84437.85	1032	4119.0	80318.85	0.79	
57	A	1033	1024	132603.31	1020	5187.21	127416.1	1.25	
58	A	1024	1015	135284.17	1014	52757.61	82526.56	0.81	
59	U	1014	1006	70413.36	1006	21555.21	48858.14	0.48	
60	U	1005	997	45448.08	996	1347.14	44100.94	0.43	
61	G	996	989	67661.25	988	2884.15	64777.1	0.63	
62	G	989	982	133338.06	981	12514.13	120823.93	1.18	
63	G	982	974	68398.84	974	44830.57	23568.27	0.23	
64	U	974	967	111493.54	966	8447.04	103046.49	1.01	
65	U	965	959	139692.04	958	25824.33	113867.71	1.11	
66	A	958	950	143443.25	950	27701.07	115742.18	1.13	
67	A	950	941	69010.92	941	3739.92	65271.0	0.64	
68	A	941	931	74509.9	932	3912.22	70597.68	0.69	
69	A	932	922	63968.26	922	2560.93	61407.33	0.6	
70	C	923	912	54239.39	912	16678.17	37561.22	0.37	
71	G	912	904	71420.71	904	3850.56	67570.15	0.66	
72	G	904	896	95233.07	897	3319.79	91913.28	0.9	
73	U	896	887	22367.1	887	1642.3	20724.8	0.2	
74	G	887	879	26984.28	879	847.46	26136.81	0.26	
75	G	880	872	25220.34	870	5429.31	19791.03	0.19	
76	G	873	865	43562.75	865	26278.28	17284.47	0.17	
77	G	865	858	58596.71	858	37009.6	21587.11	0.21	
78	G	858	851	63537.59	851	11097.45	52440.14	0.51	
79	A	851	843	58406.8	843	1943.31	56463.49	0.55	
80	C	843	834	72932.55	834	16311.59	56620.96	0.55	
81	G	834	827	67758.99	827	7928.05	59830.94	0.59	
82	A	827	819	65983.07	819	3533.16	62449.91	0.61	
83	U	818	811	49545.87	810	3329.7	46216.17	0.45	
84	C	810	802	42161.47	801	20889.42	21272.04	0.21	
85	C	801	793	57886.4	793	43415.38	14471.01	0.14	
86	C	792	784	128426.38	784	128023.8	402.58	0.0	
87	G	783	777	74148.45	775	12071.81	62076.64	0.61	
88	U	776	770	73410.86	769	3475.43	69935.42	0.68	
89	A	769	761	83647.55	761	3139.05	80508.5	0.79	
90	A	761	753	72463.42	752	2068.14	70395.28	0.69	
91	C	753	744	58337.47	744	5723.43	52614.04	0.51	
92	A	744	736	60850.43	735	2280.62	58569.81	0.57	
93	U	735	728	55385.81	727	784.56	54601.25	0.53	
94	C	727	719	53771.42	718	2854.0	50917.42	0.5	
95	C	719	710	61282.42	710	18307.35	42975.07	0.42	
96	G	710	703	70036.8	703	13560.59	56476.21	0.55	
97	U	703	696	39565.93	696	3700.44	35865.49	0.35	
98	C	695	687	53579.03	687	5897.71	47681.31	0.47	
99	C	687	679	53477.1	679	3120.08	50357.02	0.49	
100	U	678	671	56933.2	671	2433.77	54499.43	0.53	
101	A	670	662	83936.19	662	3703.84	80232.36	0.78	
102	A	662	652	70622.84	653	1573.73	69049.12	0.68	
103	C	653	643	59248.93	643	9173.3	50075.63	0.49	
104	G	643	636	62653.58	637	3730.85	58922.73	0.58	
105	G	636	630	67013.18	630	7773.45	59239.72	0.58	
106	C	629	621	73036.92	621	26205.92	46831.0	0.46	
107	G	621	614	68013.33	614	6176.61	61836.73	0.6	
108	A	613	605	70378.05	605	2903.89	67474.16	0.66	
109	C	605	597	90884.47	597	21044.34	69840.13	0.68	
110	A	597	588	82857.73	588	5512.12	77345.61	0.76	
111	G	588	582	77478.61	582	4342.82	73135.8	0.72	
112	A	582	573	59765.53	573	1912.63	57852.9	0.57	
113	C	573	565	67242.06	565	17526.26	49715.79	0.49	
114	U	564	557	56628.11	557	4842.94	51785.17	0.51	
115	G	556	551	58913.17	550	3830.99	55082.17	0.54	
116	C	550	542	67369.36	542	13367.45	54001.91	0.53	
117	A	542	533	79143.04	532	4238.9	74904.14	0.73	
118	C	533	524	75551.28	524	25425.95	50125.33	0.49	
119	G	524	518	90414.97	517	6750.61	83664.36	0.82	
120	G	517	510	38077.68	511	3474.65	34603.04	0.34	
121	C	511	502	32045.4	502	2489.36	29556.04	0.29	
122	C	502	493	39289.22	493	6096.63	33192.59	0.32	
123	C	493	485	52999.69	485	11204.55	41795.14	0.41	
124	U	485	477	53079.04	478	2123.86	50955.18	0.5	
125	G	477	471	48007.36	471	926.81	47080.55	0.46	
126	C	471	462	48646.33	463	23922.67	24723.66	0.24	
127	C	462	454	144249.74	455	128304.62	15945.12	0.16	
128	U	454	446	102794.47	447	15439.43	87355.04	0.85	
129	C	447	438	41810.38	439	6259.95	35550.44	0.35	
130	U	438	430	72473.12	430	3092.14	69380.98	0.68	
131	U	429	422	105351.11	422	8491.43	96859.68	0.95	
132	A	422	413	73104.73	413	2975.74	70128.99	0.69	
133	G	413	406	62064.52	406	2075.76	59988.76	0.59	
134	G	406	400	57815.54	399	2625.58	55189.96	0.54	
135	U	399	392	27450.39	392	1318.96	26131.42	0.26	
136	G	392	387	36187.22	386	1006.74	35180.49	0.34	
137	U	386	379	39298.73	379	2425.4	36873.32	0.36	
138	G	379	373	47075.03	373	5113.07	41961.96	0.41	
139	U	373	366	50953.99	366	2536.93	48417.06	0.47	
140	U	365	359	60766.99	358	1453.07	59313.93	0.58	
141	C	358	351	27224.03	350	2344.15	24879.88	0.24	
142	A	350	342	49458.25	343	2039.33	47418.93	0.46	
143	A	342	334	55206.13	334	2681.12	52525.01	0.51	
144	U	334	327	73721.52	327	4101.64	69619.89	0.68	
145	G	327	321	45894.39	321	2682.1	43212.29	0.42	
146	A	322	313	49410.44	314	2273.55	47136.89	0.46	
147	A	313	304	48860.32	306	1986.37	46873.94	0.46	
148	C	306	296	50422.28	297	6349.8	44072.49	0.43	
149	A	297	288	43037.64	289	2657.14	40380.5	0.4	
150	G	289	282	48580.73	282	3466.25	45114.49	0.44	
151	U	283	275	48994.24	277	1185.31	47808.93	0.47	
152	C	276	267	57864.03	267	8374.33	49489.69	0.48	
153	G	268	261	18877.62	260	1602.06	17275.56	0.17	
154	U	262	254	35357.07	254	1228.91	34128.16	0.33	
155	U	255	247	36125.47	247	854.86	35270.6	0.35	
156	C	248	238	42419.37	239	3688.63	38730.74	0.38	
157	C	240	230	44723.09	230	2753.73	41969.36	0.41	
158	G	231	224	23125.78	223	2663.67	20462.12	0.2	
159	A	224	216	85724.38	215	28300.91	57423.47	0.56	
160	A	216	208	56657.14	207	4120.2	52536.94	0.51	
161	A	208	199	21973.8	201	3095.32	18878.48	0.18	
162	G	199	194	30273.63	195	2525.79	27747.84	0.27	
163	G	194	189	32674.17	189	2826.28	29847.9	0.29	
164	A	189	182	38711.54	182	3889.85	34821.69	0.34	
165	A	182	175	38394.01	178	20.41	38373.6	0.38	
166	G	176	170	233356.68	170	34316.35	199040.33	1.95	
167	C	170	163	75844.09	163	8901.49	66942.6	0.65	
168	A	162	155	61816.8	155	2474.12	59342.68	0.58	
169	U	154	148	275702.43	147	137197.15	138505.28	1.35	
170	C	147	140	78920.04	139	10059.34	68860.69	0.67	
171	C	142	131	80545.87	131	17199.36	63346.51	0.62	
172	G	130	126	50456.15	124	6712.88	43743.27	0.43	
173	G	126	122	46449.67	118	3649.73	42799.94	0.42	
174	U	121	117	40195.61	115	2030.88	38164.73	0.37	
175	A	117	109	49803.42	110	4626.33	45177.1	0.44	
176	U	108	103	36806.9	102	4077.56	32729.34	0.32	
177	C	102	94	29977.4	95	6333.48	23643.92	0.23	
178	C	94	87	17442.17	89	3591.55	13850.62	0.14	
179	C	87	79	32718.61	80	11540.38	21178.23	0.21	
180	A	78	72	40207.44	73	6736.92	33470.51	0.33	
181	A	70	64	34424.84	66	4235.14	30189.7	0.3	
182	G	64	60	34150.38	60	2766.14	31384.25	0.31	
183	A	60	53	35589.88	50	1331.45	34258.43	0.34	
184	C	53	46	51189.65	45	20572.32	30617.33	0.3	
185	A	46	40	34113.99	38	5972.05	28141.94	0.28	
186	A	38	32	59203.17	28	5923.3	53279.87	0.52	
187	U	31	26	60123.96	21	15100.24	45023.72	0.44	
