seqNum	seqRNA	posSeq	posRX	areaRX	posBG	areaBG	areaDiff	normDiff	
5	G	1876	1863	57011.9	1869	3664.16	53347.75	0.89	
6	G	1866	1851	36098.75	1860	2983.62	33115.14	0.55	
7	G	1854	1839	14861.8	1851	1608.61	13253.19	0.22	
8	U	1844	1826	19239.08	1835	5015.15	14223.93	0.24	
9	U	1833	1811	6473.84	1826	6575.26	-101.42	0.0	
10	G	1821	1803	16489.21	1811	8075.98	8413.24	0.14	
11	G	1812	1795	30136.14	1803	13534.6	16601.54	0.28	
12	G	1801	1782	41744.35	1795	18576.45	23167.9	0.39	
13	A	1791	1769	70357.84	1787	13065.98	57291.86	0.95	
14	A	1780	1761	2972.74	1769	4867.25	-1894.51	-0.03	
15	G	1767	1747	7540.18	1758	1920.17	5620.01	0.09	
16	U	1757	1733	7281.76	1747	3790.54	3491.22	0.06	
17	A	1747	1727	4258.96	1734	2653.62	1605.34	0.03	
18	U	1732	1719	2221.87	1722	1205.9	1015.97	0.02	
19	C	1721	1709	8548.3	1710	4332.47	4215.83	0.07	
20	A	1708	1696	7370.45	1697	2481.47	4888.97	0.08	
21	U	1695	1684	9139.23	1685	4739.48	4399.76	0.07	
22	G	1683	1672	2011.87	1674	1867.49	144.38	0.0	
23	G	1672	1662	2877.33	1664	1360.34	1516.99	0.03	
24	C	1662	1651	14008.58	1652	5122.93	8885.65	0.15	
25	U	1649	1640	17231.11	1642	2670.38	14560.72	0.24	
26	A	1638	1629	47320.83	1631	4635.13	42685.7	0.71	
27	A	1627	1617	42798.45	1619	3094.65	39703.8	0.66	
28	U	1614	1607	32920.67	1608	2508.85	30411.81	0.51	
29	C	1603	1595	28743.15	1596	7062.27	21680.88	0.36	
30	A	1593	1583	10592.52	1584	2079.16	8513.36	0.14	
31	C	1582	1571	5034.2	1572	2457.8	2576.4	0.04	
32	C	1570	1558	12976.38	1560	7145.07	5831.3	0.1	
33	A	1559	1547	3133.75	1548	770.87	2362.88	0.04	
34	U	1546	1536	6492.78	1537	2912.07	3580.71	0.06	
35	G	1535	1527	9089.17	1528	4652.27	4436.9	0.07	
36	A	1527	1514	5149.19	1516	2076.22	3072.97	0.05	
37	U	1515	1502	4205.63	1505	2691.36	1514.27	0.03	
38	G	1503	1494	9065.35	1495	3495.5	5569.85	0.09	
39	C	1494	1483	19595.89	1484	5417.69	14178.2	0.24	
40	A	1482	1471	66039.93	1472	5619.86	60420.07	1.0	
41	A	1471	1459	49289.25	1460	3500.33	45788.91	0.76	
42	U	1458	1448	32399.66	1448	2226.12	30173.55	0.5	
43	C	1448	1436	37833.56	1435	9637.87	28195.69	0.47	
44	G	1435	1424	4406.19	1425	3254.25	1151.94	0.02	
45	G	1425	1416	31223.58	1416	13311.71	17911.87	0.3	
46	G	1416	1407	31696.63	1406	18033.31	13663.32	0.23	
47	U	1406	1397	22567.77	1396	4235.08	18332.7	0.3	
48	U	1395	1387	20805.95	1386	4601.81	16204.14	0.27	
49	G	1386	1378	9601.17	1377	2300.1	7301.07	0.12	
50	A	1376	1367	13117.65	1366	2858.98	10258.67	0.17	
51	A	1366	1353	66465.47	1355	2959.49	63505.97	1.06	
52	C	1354	1347	46600.33	1345	14647.13	31953.2	0.53	
53	A	1344	1335	17692.61	1333	4372.82	13319.79	0.22	
54	C	1333	1323	13831.06	1322	3706.86	10124.2	0.17	
55	U	1321	1313	43543.78	1312	2996.13	40547.66	0.67	
56	U	1311	1303	59445.43	1302	4545.01	54900.42	0.91	
57	A	1301	1291	81672.57	1291	5406.02	76266.56	1.27	
58	A	1290	1280	77824.3	1280	36696.82	41127.48	0.68	
59	U	1278	1269	65681.29	1269	19425.07	46256.21	0.77	
60	U	1268	1258	15632.13	1258	3268.66	12363.47	0.21	
61	G	1257	1249	9422.02	1248	2638.42	6783.6	0.11	
62	G	1248	1239	19455.48	1240	11321.58	8133.9	0.14	
63	G	1238	1230	76251.16	1230	48010.86	28240.3	0.47	
64	U	1229	1220	24337.68	1221	7738.74	16598.94	0.28	
65	U	1219	1211	65448.43	1211	13659.95	51788.49	0.86	
66	A	1210	1200	130860.27	1201	19759.41	111100.86	1.85	
67	A	1200	1189	99267.11	1189	5016.47	94250.64	1.57	
68	A	1189	1177	93886.76	1177	4025.89	89860.87	1.49	
69	A	1177	1166	55630.72	1166	1538.38	54092.34	0.9	
70	C	1165	1153	34093.38	1153	9033.37	25060.02	0.42	
71	G	1153	1143	15011.0	1144	2777.9	12233.1	0.2	
72	G	1143	1134	32374.4	1134	3278.63	29095.77	0.48	
73	U	1134	1123	8211.54	1124	1489.81	6721.73	0.11	
74	G	1123	1114	16582.95	1114	1558.85	15024.1	0.25	
75	G	1113	1105	24590.31	1105	3088.73	21501.58	0.36	
76	G	1105	1096	17947.17	1097	16407.89	1539.28	0.03	
77	G	1096	1088	18476.55	1088	19118.75	-642.2	-0.01	
78	G	1087	1079	27557.08	1079	11142.78	16414.3	0.27	
79	A	1079	1069	61363.26	1069	2443.65	58919.61	0.98	
80	C	1068	1058	44028.68	1058	9986.38	34042.31	0.57	
81	G	1057	1050	55916.08	1050	5850.07	50066.01	0.83	
82	A	1049	1039	65704.75	1039	5593.97	60110.77	1.0	
83	U	1038	1029	61162.36	1029	3951.03	57211.33	0.95	
84	C	1028	1018	39228.21	1018	19043.88	20184.33	0.34	
85	C	1018	1008	46147.17	1008	22331.32	23815.84	0.4	
86	C	1007	997	200853.98	997	71443.22	129410.75	2.15	
87	G	997	988	40096.5	988	6291.82	33804.69	0.56	
88	U	987	980	34735.03	980	3174.15	31560.87	0.52	
89	A	979	970	63195.54	970	3018.51	60177.03	1.0	
90	A	969	961	51115.62	960	1722.64	49392.97	0.82	
91	C	960	951	32275.67	950	5136.62	27139.05	0.45	
92	A	949	940	63254.65	940	2725.33	60529.32	1.01	
93	U	938	930	27707.89	930	1959.3	25748.59	0.43	
94	C	930	919	16246.84	919	3303.35	12943.49	0.22	
95	C	919	908	22826.64	909	8661.68	14164.95	0.24	
96	G	908	899	15212.15	900	5919.18	9292.97	0.15	
97	U	899	890	8400.93	891	1974.2	6426.73	0.11	
98	C	890	879	14869.23	880	3413.73	11455.49	0.19	
99	C	880	869	29655.11	870	3099.77	26555.34	0.44	
100	U	869	859	94801.37	861	3078.56	91722.81	1.52	
101	A	860	849	80697.31	850	3709.36	76987.95	1.28	
102	A	850	838	48645.11	839	1918.65	46726.46	0.78	
103	C	839	827	25878.3	828	6245.09	19633.22	0.33	
104	G	827	819	31805.09	819	2845.98	28959.11	0.48	
105	G	819	811	25645.9	811	3262.93	22382.98	0.37	
106	C	810	800	27745.77	800	7559.87	20185.9	0.34	
107	G	800	792	26856.41	792	2977.54	23878.87	0.4	
108	A	791	782	37491.94	781	2064.85	35427.09	0.59	
109	C	781	771	33895.63	771	10267.14	23628.49	0.39	
110	A	771	761	61863.01	761	3621.77	58241.24	0.97	
111	G	761	753	33221.0	753	2948.88	30272.12	0.5	
112	A	753	743	19062.07	743	1317.29	17744.78	0.29	
113	C	742	732	26671.63	733	10709.93	15961.7	0.27	
114	U	732	723	15463.97	723	2873.22	12590.75	0.21	
115	G	722	715	25419.6	715	1488.77	23930.83	0.4	
116	C	715	705	25309.24	705	7186.42	18122.82	0.3	
117	A	705	696	33462.46	695	2926.31	30536.15	0.51	
118	C	695	686	54413.51	685	16943.45	37470.06	0.62	
119	G	684	679	20547.99	677	3566.09	16981.9	0.28	
120	G	676	671	14864.96	669	1287.98	13576.97	0.23	
121	C	668	661	3756.59	659	1022.6	2733.98	0.05	
122	C	658	650	9437.32	649	5434.23	4003.09	0.07	
123	C	648	639	13904.85	638	8394.24	5510.61	0.09	
124	U	637	629	5831.94	629	2762.08	3069.86	0.05	
125	G	628	620	6231.37	620	1634.85	4596.52	0.08	
126	C	620	610	41342.8	611	16706.68	24636.12	0.41	
127	C	610	600	204928.73	601	81197.52	123731.22	2.06	
128	U	600	590	44967.93	591	9292.57	35675.37	0.59	
129	C	590	580	39280.62	581	2979.79	36300.83	0.6	
130	U	580	570	47242.23	571	1963.52	45278.71	0.75	
131	U	570	560	65749.07	561	6062.54	59686.53	0.99	
132	A	560	549	36850.51	550	2173.06	34677.45	0.58	
133	G	550	541	13295.47	542	1258.5	12036.97	0.2	
134	G	541	533	14543.3	534	1172.83	13370.47	0.22	
135	U	533	524	2910.6	525	1025.13	1885.47	0.03	
136	G	525	517	5498.36	518	689.43	4808.92	0.08	
137	U	517	508	4544.65	509	1403.79	3140.86	0.05	
138	G	509	500	5392.87	502	2008.61	3384.25	0.06	
139	U	501	492	5159.27	493	1905.68	3253.59	0.05	
140	U	492	483	5697.31	484	1818.06	3879.25	0.06	
141	C	484	474	5652.86	474	2133.33	3519.54	0.06	
142	A	474	464	19815.53	465	1613.27	18202.26	0.3	
143	A	465	455	34604.63	455	2490.84	32113.79	0.53	
144	U	454	447	37919.82	447	4213.76	33706.05	0.56	
145	G	446	440	70839.68	439	1560.49	69279.19	1.15	
146	A	439	430	63587.57	430	2682.09	60905.48	1.01	
147	A	430	421	46476.64	421	2181.6	44295.05	0.74	
148	C	420	411	21810.34	411	4880.13	16930.21	0.28	
149	A	410	401	33568.69	401	1968.79	31599.89	0.53	
150	G	400	393	20712.43	393	1450.65	19261.78	0.32	
151	U	392	385	23329.71	385	736.02	22593.69	0.38	
152	C	384	375	26278.07	375	4969.85	21308.22	0.35	
153	G	374	368	27395.12	367	994.32	26400.81	0.44	
154	U	366	359	8196.16	359	1611.67	6584.5	0.11	
155	U	358	350	2740.54	350	832.16	1908.39	0.03	
156	C	349	340	5311.45	340	3727.42	1584.03	0.03	
157	C	340	330	11004.41	330	5023.6	5980.82	0.1	
158	G	330	322	18062.65	321	4218.14	13844.5	0.23	
159	A	322	313	97946.43	312	31685.33	66261.1	1.1	
160	A	312	303	49515.14	303	5088.42	44426.72	0.74	
161	A	303	293	80738.58	294	727.86	80010.72	1.33	
162	G	293	285	8926.07	288	631.51	8294.56	0.14	
163	G	287	280	8203.51	281	2200.87	6002.64	0.1	
164	A	281	272	15174.76	272	4121.18	11053.58	0.18	
165	A	272	263	20454.19	263	2750.96	17703.23	0.29	
166	G	264	257	74314.82	257	25493.85	48820.97	0.81	
167	C	257	248	30998.23	249	7179.96	23818.27	0.4	
168	A	248	238	44850.33	239	2256.21	42594.12	0.71	
169	U	238	229	92344.12	230	48786.32	43557.8	0.72	
170	C	230	220	11506.11	221	5266.54	6239.57	0.1	
171	C	220	209	13255.48	210	6049.61	7205.87	0.12	
172	G	210	203	6510.92	203	729.63	5781.29	0.1	
173	G	203	198	16042.83	199	1496.02	14546.81	0.24	
174	U	199	191	21561.68	192	1763.95	19797.73	0.33	
175	A	192	182	52908.6	182	2841.79	50066.81	0.83	
176	U	183	174	18098.81	174	2776.48	15322.33	0.25	
177	C	176	164	9414.64	164	3305.14	6109.5	0.1	
178	C	165	155	2502.49	155	1770.16	732.33	0.01	
179	C	157	145	8878.85	146	4988.24	3890.61	0.06	
180	A	146	137	13754.71	138	3888.73	9865.98	0.16	
181	A	137	129	13451.33	129	2921.42	10529.91	0.18	
182	G	128	123	44423.87	123	2143.3	42280.57	0.7	
183	A	123	115	17083.99	115	1838.79	15245.2	0.25	
184	C	115	107	19935.66	107	12170.28	7765.38	0.13	
185	A	106	99	14744.0	100	5894.86	8849.15	0.15	
186	A	99	90	17036.41	91	6647.82	10388.59	0.17	
187	U	91	83	34598.76	83	13090.72	21508.04	0.36	
