seqNum	seqRNA	posSeq	posRX	areaRX	posBG	areaBG	areaDiff	normDiff	
5	G	1876	1857	45408.21	1868	1892.43	43515.78	1.67	
6	G	1866	1846	34710.76	1855	7182.39	27528.37	1.06	
7	G	1854	1834	9779.99	1847	1787.11	7992.88	0.31	
8	U	1844	1823	13010.68	1833	3241.92	9768.77	0.37	
9	U	1833	1811	14727.42	1822	4067.11	10660.31	0.41	
10	G	1821	1801	7235.45	1812	3236.26	3999.19	0.15	
11	G	1812	1792	11350.1	1801	7269.65	4080.45	0.16	
12	G	1801	1781	23800.09	1791	11716.89	12083.2	0.46	
13	A	1791	1770	30902.85	1781	8937.72	21965.13	0.84	
14	A	1780	1758	26947.79	1768	6379.69	20568.1	0.79	
15	G	1767	1748	8145.48	1758	3822.05	4323.43	0.17	
16	U	1757	1737	9895.98	1747	4986.07	4909.91	0.19	
17	A	1747	1725	18095.65	1734	3038.26	15057.39	0.58	
18	U	1732	1717	164582.32	1723	1998.8	162583.52	6.24	
19	C	1721	1707	21345.59	1709	4426.78	16918.82	0.65	
20	A	1708	1690	9279.65	1696	2976.2	6303.45	0.24	
21	U	1695	1680	20309.33	1685	4825.8	15483.53	0.59	
22	G	1683	1670	32700.12	1674	2713.24	29986.89	1.15	
23	G	1672	1660	10393.7	1662	1949.88	8443.82	0.32	
24	C	1662	1651	24365.07	1650	4923.3	19441.77	0.75	
25	U	1649	1639	6711.77	1639	2587.08	4124.69	0.16	
26	A	1638	1627	15606.44	1627	4786.46	10819.98	0.42	
27	A	1627	1616	10116.6	1615	3113.09	7003.51	0.27	
28	U	1614	1605	8246.06	1605	2780.93	5465.13	0.21	
29	C	1603	1594	12806.21	1594	5871.9	6934.31	0.27	
30	A	1593	1582	8611.77	1582	3069.36	5542.41	0.21	
31	C	1582	1570	5150.05	1570	2475.14	2674.91	0.1	
32	C	1570	1558	13526.07	1559	6694.33	6831.74	0.26	
33	A	1559	1546	3424.73	1548	867.49	2557.24	0.1	
34	U	1546	1536	7798.57	1537	2890.61	4907.96	0.19	
35	G	1535	1526	10208.86	1528	4511.88	5696.98	0.22	
36	A	1527	1515	5570.81	1516	2245.04	3325.78	0.13	
37	U	1515	1504	5890.03	1505	2419.96	3470.08	0.13	
38	G	1503	1495	8942.12	1495	4611.14	4330.99	0.17	
39	C	1494	1484	10766.7	1484	3586.46	7180.24	0.28	
40	A	1482	1472	18864.7	1472	5730.49	13134.22	0.5	
41	A	1471	1460	15411.83	1460	2902.22	12509.61	0.48	
42	U	1458	1448	10293.53	1448	2404.29	7889.24	0.3	
43	C	1448	1436	17964.43	1436	7151.11	10813.33	0.41	
44	G	1435	1426	7971.51	1426	3631.77	4339.75	0.17	
45	G	1425	1417	31135.24	1417	15433.76	15701.48	0.6	
46	G	1416	1407	38618.32	1407	14308.24	24310.08	0.93	
47	U	1406	1394	27238.3	1397	5135.5	22102.8	0.85	
48	U	1395	1387	12632.86	1387	5786.66	6846.21	0.26	
49	G	1386	1377	6357.11	1377	3246.26	3110.85	0.12	
50	A	1376	1366	5569.76	1366	2328.29	3241.47	0.12	
51	A	1366	1355	6906.42	1355	3451.31	3455.1	0.13	
52	C	1354	1344	31125.39	1345	16670.82	14454.57	0.55	
53	A	1344	1333	7924.49	1333	5020.84	2903.65	0.11	
54	C	1333	1322	5578.18	1322	3026.74	2551.44	0.1	
55	U	1321	1312	7567.3	1312	2977.32	4589.98	0.18	
56	U	1311	1301	11968.08	1302	4189.0	7779.08	0.3	
57	A	1301	1290	15722.22	1288	7408.33	8313.89	0.32	
58	A	1290	1279	65778.99	1279	54980.24	10798.75	0.41	
59	U	1278	1268	34269.94	1269	20482.05	13787.89	0.53	
60	U	1268	1257	5983.76	1258	3080.32	2903.44	0.11	
61	G	1257	1246	6588.55	1247	3847.97	2740.58	0.11	
62	G	1248	1239	38587.89	1239	20368.88	18219.01	0.7	
63	G	1238	1230	199524.56	1230	81812.8	117711.76	4.51	
64	U	1229	1220	24912.57	1220	12582.29	12330.28	0.47	
65	U	1219	1211	41689.61	1211	33936.78	7752.84	0.3	
66	A	1210	1200	62695.91	1200	32631.79	30064.12	1.15	
67	A	1200	1189	23726.4	1190	5365.28	18361.12	0.7	
68	A	1189	1178	17568.32	1178	4757.55	12810.77	0.49	
69	A	1177	1166	9730.54	1166	2177.42	7553.12	0.29	
70	C	1165	1154	18024.88	1154	7870.0	10154.88	0.39	
71	G	1153	1144	8504.34	1144	3974.43	4529.91	0.17	
72	G	1143	1135	11866.54	1134	4703.86	7162.69	0.27	
73	U	1134	1124	3916.29	1124	1920.01	1996.28	0.08	
74	G	1123	1115	4504.85	1114	2389.28	2115.57	0.08	
75	G	1113	1105	7312.13	1105	3936.75	3375.38	0.13	
76	G	1105	1097	46687.38	1097	21070.06	25617.32	0.98	
77	G	1096	1089	38329.63	1088	17582.2	20747.43	0.8	
78	G	1087	1080	71574.27	1079	10539.52	61034.75	2.34	
79	A	1079	1069	90083.95	1069	3046.45	87037.5	3.34	
80	C	1068	1058	65497.12	1058	8988.7	56508.42	2.17	
81	G	1057	1050	21560.33	1050	7967.34	13592.98	0.52	
82	A	1049	1039	22048.72	1039	5788.55	16260.18	0.62	
83	U	1038	1029	42183.5	1029	3952.79	38230.71	1.47	
84	C	1028	1019	24478.86	1018	14181.22	10297.64	0.39	
85	C	1018	1008	33057.37	1008	21181.48	11875.89	0.46	
86	C	1007	997	108350.09	997	47872.54	60477.56	2.32	
87	G	997	988	19071.49	988	7951.0	11120.49	0.43	
88	U	987	979	9293.52	980	4551.3	4742.22	0.18	
89	A	979	970	15146.95	970	4090.43	11056.52	0.42	
90	A	969	960	11390.21	960	3162.58	8227.63	0.32	
91	C	960	949	17760.32	950	6282.4	11477.92	0.44	
92	A	949	939	86374.79	940	2964.83	83409.96	3.2	
93	U	938	930	33059.26	930	1740.48	31318.78	1.2	
94	C	930	919	7830.13	920	2987.68	4842.46	0.19	
95	C	919	908	11720.95	909	7969.3	3751.65	0.14	
96	G	908	900	11041.28	900	6007.81	5033.47	0.19	
97	U	899	890	4992.59	891	2210.83	2781.76	0.11	
98	C	890	880	7364.56	880	3269.51	4095.05	0.16	
99	C	880	869	9061.55	870	3370.74	5690.81	0.22	
100	U	869	860	14595.83	861	3230.28	11365.55	0.44	
101	A	860	850	17108.46	850	4339.37	12769.09	0.49	
102	A	850	839	8689.37	839	3000.03	5689.34	0.22	
103	C	839	828	9124.4	828	6108.24	3016.16	0.12	
104	G	827	819	9764.16	819	5259.68	4504.48	0.17	
105	G	819	811	12762.57	811	8009.13	4753.44	0.18	
106	C	810	800	15063.92	800	8354.25	6709.67	0.26	
107	G	800	792	12605.48	792	6492.76	6112.72	0.23	
108	A	791	781	16045.13	782	4337.22	11707.92	0.45	
109	C	781	771	31302.25	771	15031.54	16270.72	0.62	
110	A	771	761	67806.26	761	4653.04	63153.23	2.42	
111	G	761	753	13516.75	753	4142.99	9373.75	0.36	
112	A	753	743	4313.01	743	1608.2	2704.81	0.1	
113	C	742	732	14669.53	733	7953.86	6715.67	0.26	
114	U	732	723	6788.19	724	3258.61	3529.58	0.14	
115	G	722	715	9940.58	716	4619.11	5321.47	0.2	
116	C	715	705	21394.07	705	11119.93	10274.14	0.39	
117	A	705	695	13838.89	695	4450.01	9388.88	0.36	
118	C	695	686	27715.22	685	12977.45	14737.77	0.57	
119	G	684	679	13801.84	677	5979.76	7822.08	0.3	
120	G	676	671	6727.43	669	2438.03	4289.4	0.16	
121	C	668	661	2362.96	659	1390.79	972.17	0.04	
122	C	658	649	5296.14	648	3891.02	1405.12	0.05	
123	C	648	639	7586.91	638	5661.26	1925.66	0.07	
124	U	637	629	2954.27	628	2381.92	572.35	0.02	
125	G	628	620	1851.32	620	1537.26	314.06	0.01	
126	C	620	610	19094.41	610	11214.34	7880.06	0.3	
127	C	610	601	89682.11	600	38515.12	51166.99	1.96	
128	U	600	591	32599.5	591	7874.27	24725.23	0.95	
129	C	590	581	56682.55	581	3284.28	53398.28	2.05	
130	U	580	571	59375.41	571	2903.83	56471.58	2.17	
131	U	570	561	78793.84	561	9494.97	69298.87	2.66	
132	A	560	551	32644.97	550	3172.54	29472.43	1.13	
133	G	550	543	7584.58	543	1992.09	5592.49	0.21	
134	G	541	535	5515.69	535	2314.64	3201.05	0.12	
135	U	533	526	1305.18	525	1317.27	-12.09	0.0	
136	G	525	518	2952.01	518	1098.79	1853.22	0.07	
137	U	517	509	3863.97	510	1877.74	1986.23	0.08	
138	G	509	501	3667.87	502	2507.72	1160.15	0.04	
139	U	501	493	2935.36	493	2319.9	615.46	0.02	
140	U	492	484	4342.42	484	3124.16	1218.25	0.05	
141	C	484	474	3372.1	475	1900.57	1471.53	0.06	
142	A	474	465	7457.21	465	2156.85	5300.35	0.2	
143	A	465	455	16102.56	455	3023.25	13079.31	0.5	
144	U	454	447	21207.37	448	5354.38	15852.99	0.61	
145	G	446	439	27897.34	440	5610.78	22286.56	0.85	
146	A	439	430	26130.79	430	4626.16	21504.63	0.82	
147	A	430	420	16084.25	420	3397.53	12686.72	0.49	
148	C	420	410	11513.99	410	7143.89	4370.1	0.17	
149	A	410	400	8223.16	400	3579.63	4643.53	0.18	
150	G	400	392	4861.26	393	2939.14	1922.12	0.07	
151	U	392	384	2283.4	385	1427.52	855.87	0.03	
152	C	384	374	11205.56	375	6413.17	4792.38	0.18	
153	G	374	366	3876.66	368	2379.74	1496.92	0.06	
154	U	366	359	4721.17	359	1807.41	2913.76	0.11	
155	U	358	350	3240.36	350	1261.05	1979.31	0.08	
156	C	349	340	4451.16	340	4147.97	303.19	0.01	
157	C	340	331	7094.6	331	5831.21	1263.4	0.05	
158	G	330	323	5401.01	323	2745.06	2655.95	0.1	
159	A	322	313	11908.09	313	3986.46	7921.63	0.3	
160	A	312	303	16109.99	303	4598.12	11511.86	0.44	
161	A	303	294	112292.08	296	143.69	112148.4	4.3	
162	G	293	286	9519.23	289	1906.37	7612.86	0.29	
163	G	287	281	5944.92	282	3929.0	2015.92	0.08	
164	A	281	272	5802.45	272	4510.19	1292.26	0.05	
165	A	272	266	5595.65	263	6736.13	-1140.48	-0.04	
166	G	264	258	131477.55	257	75777.97	55699.58	2.14	
167	C	257	249	59093.81	249	18036.79	41057.02	1.57	
168	A	248	240	21272.02	239	9686.04	11585.98	0.44	
169	U	238	231	252635.46	230	149809.46	102826.0	3.94	
170	C	230	222	30226.11	221	20786.63	9439.49	0.36	
171	C	220	212	15237.05	211	13530.1	1706.95	0.07	
172	G	210	205	8658.61	205	3426.9	5231.71	0.2	
173	G	203	199	8640.42	200	4135.46	4504.96	0.17	
174	U	199	192	10318.42	193	6097.14	4221.27	0.16	
175	A	192	184	14169.62	184	5663.19	8506.43	0.33	
176	U	183	175	15006.05	175	5939.37	9066.69	0.35	
177	C	176	165	11992.66	165	5130.28	6862.38	0.26	
178	C	165	157	1658.4	157	1195.06	463.33	0.02	
179	C	157	147	9661.35	147	4819.08	4842.27	0.19	
180	A	146	138	8721.39	138	4247.48	4473.91	0.17	
181	A	137	129	11566.74	129	3469.93	8096.81	0.31	
182	G	128	123	11879.67	123	3535.99	8343.68	0.32	
183	A	123	116	5085.15	116	2341.16	2743.99	0.11	
184	C	115	107	17172.71	107	13396.25	3776.46	0.14	
185	A	106	99	8412.33	99	5959.06	2453.27	0.09	
186	A	99	89	11194.12	91	4799.56	6394.56	0.25	
187	U	91	82	32784.71	84	16816.45	15968.25	0.61	
