seqNum	seqRNA	posSeq	posRX	areaRX	posBG	areaBG	areaDiff	normDiff	
4	U	1499	1493	19268.07	1488	1869.66	17398.41	0.37	
5	G	1490	1484	18830.19	1477	3378.33	15451.87	0.33	
6	G	1482	1476	49264.59	1469	838.97	48425.63	1.04	
7	G	1473	1467	19935.6	1465	1685.39	18250.22	0.39	
8	U	1465	1458	23846.56	1454	4360.46	19486.1	0.42	
9	U	1454	1449	24369.7	1440	3061.71	21307.99	0.46	
10	G	1444	1441	12900.49	1435	6675.13	6225.37	0.13	
11	G	1437	1433	26737.75	1429	9760.8	16976.95	0.36	
12	G	1430	1426	58985.15	1424	10722.71	48262.44	1.03	
13	A	1422	1416	58965.11	1416	11114.13	47850.98	1.02	
14	A	1413	1407	67714.16	1405	7152.15	60562.01	1.3	
15	G	1403	1399	18835.32	1398	5047.09	13788.23	0.3	
16	U	1394	1391	18181.23	1390	5881.72	12299.51	0.26	
17	A	1387	1382	8362.03	1381	2435.63	5926.41	0.13	
18	U	1376	1372	4339.18	1367	1348.77	2990.41	0.06	
19	C	1367	1364	9819.16	1360	3944.56	5874.61	0.13	
20	A	1358	1354	7670.93	1348	2347.09	5323.83	0.11	
21	U	1348	1346	13119.59	1341	5331.82	7787.77	0.17	
22	G	1339	1338	4459.46	1334	1232.75	3226.71	0.07	
23	G	1331	1330	6731.12	1322	884.02	5847.09	0.13	
24	C	1324	1321	19253.47	1316	5091.35	14162.12	0.3	
25	U	1314	1313	22516.83	1306	1731.86	20784.97	0.45	
26	A	1304	1305	47179.23	1299	3115.26	44063.96	0.94	
27	A	1297	1296	36548.35	1290	1619.7	34928.65	0.75	
28	U	1287	1288	27727.46	1277	1591.87	26135.59	0.56	
29	C	1279	1278	28784.74	1271	7991.52	20793.22	0.45	
30	A	1270	1269	15626.35	1262	2186.43	13439.92	0.29	
31	C	1260	1260	5111.03	1251	3388.26	1722.76	0.04	
32	C	1250	1250	18000.46	1243	7865.09	10135.37	0.22	
33	A	1241	1241	3283.95	1235	874.06	2409.89	0.05	
34	U	1230	1232	6844.63	1222	3220.28	3624.36	0.08	
35	G	1221	1224	14595.91	1214	6434.45	8161.46	0.17	
36	A	1215	1214	6989.98	1205	1054.17	5935.81	0.13	
37	U	1206	1205	7340.26	1196	2425.29	4914.97	0.11	
38	G	1198	1197	16846.3	1188	3634.68	13211.62	0.28	
39	C	1189	1186	12719.6	1179	5128.27	7591.32	0.16	
40	A	1180	1176	35651.39	1170	4849.71	30801.67	0.66	
41	A	1171	1166	39690.09	1161	2260.82	37429.28	0.8	
42	U	1161	1156	32011.2	1151	2461.5	29549.69	0.63	
43	C	1152	1145	39631.14	1142	18904.07	20727.06	0.44	
44	G	1141	1137	21409.54	1134	6343.56	15065.99	0.32	
45	G	1133	1129	55131.87	1128	19333.65	35798.22	0.77	
46	G	1126	1121	38941.98	1121	22356.97	16585.02	0.36	
47	U	1118	1113	32417.43	1115	12702.31	19715.12	0.42	
48	U	1109	1105	30076.65	1104	6920.11	23156.54	0.5	
49	G	1102	1097	17921.24	1097	5516.94	12404.3	0.27	
50	A	1094	1088	20341.42	1088	3670.96	16670.46	0.36	
51	A	1085	1079	19390.35	1074	6846.92	12543.43	0.27	
52	C	1076	1070	55306.76	1069	32239.42	23067.34	0.49	
53	A	1068	1061	27887.14	1060	6091.49	21795.65	0.47	
54	C	1059	1051	19520.18	1050	7685.49	11834.69	0.25	
55	U	1050	1043	30314.59	1042	2025.57	28289.01	0.61	
56	U	1041	1035	30084.2	1033	4442.97	25641.23	0.55	
57	A	1033	1025	43498.08	1023	5923.26	37574.82	0.8	
58	A	1024	1016	64077.81	1015	56125.66	7952.15	0.17	
59	U	1014	1007	26107.93	1006	23919.59	2188.33	0.05	
60	U	1005	998	19730.03	996	1222.17	18507.86	0.4	
61	G	996	990	26887.25	988	3575.12	23312.13	0.5	
62	G	989	983	67810.27	981	13893.91	53916.36	1.15	
63	G	982	975	177502.34	974	44669.06	132833.27	2.84	
64	U	974	967	40938.95	967	9270.66	31668.29	0.68	
65	U	965	959	73687.09	959	27768.54	45918.55	0.98	
66	A	958	951	67183.28	950	29970.56	37212.72	0.8	
67	A	950	942	44702.85	941	5331.9	39370.95	0.84	
68	A	941	932	40708.39	931	5423.26	35285.13	0.76	
69	A	932	922	24769.13	921	2556.43	22212.7	0.48	
70	C	923	912	27664.8	911	16892.81	10772.0	0.23	
71	G	912	904	11716.49	903	3777.9	7938.59	0.17	
72	G	904	896	15239.94	896	3202.49	12037.45	0.26	
73	U	896	887	5783.0	886	1440.54	4342.46	0.09	
74	G	887	880	9981.55	878	1666.45	8315.1	0.18	
75	G	880	872	17640.73	871	4704.93	12935.8	0.28	
76	G	873	865	62443.41	865	27813.84	34629.57	0.74	
77	G	865	858	63800.67	858	39417.48	24383.2	0.52	
78	G	858	851	65052.35	851	11624.99	53427.36	1.14	
79	A	851	843	74469.06	842	1493.48	72975.57	1.56	
80	C	843	834	53561.88	833	17459.9	36101.98	0.77	
81	G	834	827	41543.5	826	7644.05	33899.45	0.73	
82	A	827	818	44490.33	818	4080.91	40409.42	0.87	
83	U	818	810	42566.08	810	3266.29	39299.79	0.84	
84	C	810	801	29924.79	801	21471.32	8453.47	0.18	
85	C	801	792	59278.53	793	44240.1	15038.43	0.32	
86	C	792	783	123767.93	784	133170.95	-9403.02	-0.2	
87	G	783	776	29945.69	776	12729.87	17215.82	0.37	
88	U	776	769	24880.12	769	4614.1	20266.02	0.43	
89	A	769	761	41710.94	761	3192.54	38518.4	0.82	
90	A	761	753	33908.72	752	2161.46	31747.25	0.68	
91	C	753	744	27889.61	745	5703.75	22185.85	0.48	
92	A	744	735	68384.87	735	2371.71	66013.16	1.41	
93	U	735	727	26312.79	727	750.14	25562.64	0.55	
94	C	727	719	14015.08	718	3358.43	10656.65	0.23	
95	C	719	710	23653.72	710	18604.07	5049.65	0.11	
96	G	710	703	30956.36	703	13384.36	17572.0	0.38	
97	U	703	695	10363.79	696	3461.43	6902.35	0.15	
98	C	695	687	15339.81	687	5906.48	9433.32	0.2	
99	C	687	678	16811.72	678	3164.21	13647.51	0.29	
100	U	678	670	37915.88	670	2572.75	35343.13	0.76	
101	A	670	661	38747.8	661	3799.88	34947.91	0.75	
102	A	662	653	23173.67	653	2169.19	21004.48	0.45	
103	C	653	643	19591.0	643	10778.29	8812.71	0.19	
104	G	643	636	16943.98	636	4620.65	12323.33	0.26	
105	G	636	629	20581.03	629	8622.01	11959.02	0.26	
106	C	629	620	45039.61	620	27880.87	17158.74	0.37	
107	G	621	613	23489.05	613	7044.58	16444.47	0.35	
108	A	613	605	23655.88	604	3761.95	19893.93	0.43	
109	C	605	596	36810.4	596	22984.16	13826.25	0.3	
110	A	597	587	49761.88	587	5973.46	43788.42	0.94	
111	G	588	581	29550.81	581	4707.6	24843.21	0.53	
112	A	582	572	18935.35	572	1139.64	17795.71	0.38	
113	C	573	564	33319.97	564	17336.96	15983.01	0.34	
114	U	564	556	19760.74	556	3287.48	16473.27	0.35	
115	G	556	549	27286.87	549	2490.18	24796.69	0.53	
116	C	550	541	27041.41	541	10777.92	16263.49	0.35	
117	A	542	532	34368.59	532	3090.89	31277.7	0.67	
118	C	533	523	46796.72	524	25272.07	21524.65	0.46	
119	G	524	517	28718.84	517	6148.6	22570.24	0.48	
120	G	517	510	14945.48	510	2492.77	12452.72	0.27	
121	C	511	502	4837.91	502	2550.35	2287.56	0.05	
122	C	502	493	9028.73	493	6304.12	2724.61	0.06	
123	C	493	484	16259.73	485	11616.57	4643.15	0.1	
124	U	485	477	11193.72	477	2442.65	8751.07	0.19	
125	G	477	470	12197.61	469	1409.67	10787.94	0.23	
126	C	471	462	31041.14	462	26835.85	4205.29	0.09	
127	C	462	454	133459.09	454	129343.68	4115.41	0.09	
128	U	454	446	43783.62	446	12848.47	30935.15	0.66	
129	C	447	438	43286.12	439	5745.83	37540.29	0.8	
130	U	438	430	40740.28	430	3234.01	37506.28	0.8	
131	U	429	422	62576.77	422	9099.43	53477.34	1.15	
132	A	422	413	42748.91	413	2836.12	39912.79	0.85	
133	G	413	406	17394.63	406	1917.32	15477.31	0.33	
134	G	406	400	14771.08	400	2976.02	11795.06	0.25	
135	U	399	392	3264.39	391	1301.6	1962.79	0.04	
136	G	392	386	8206.02	386	756.63	7449.4	0.16	
137	U	386	379	4330.07	380	2348.14	1981.94	0.04	
138	G	379	373	12215.67	373	5289.02	6926.65	0.15	
139	U	373	366	10273.93	366	2601.48	7672.45	0.16	
140	U	365	358	10054.5	358	1510.63	8543.87	0.18	
141	C	358	350	8504.53	350	2206.61	6297.92	0.13	
142	A	350	342	19382.8	343	2203.24	17179.57	0.37	
143	A	342	334	31090.1	334	2417.29	28672.81	0.61	
144	U	334	328	31534.27	328	3517.38	28016.89	0.6	
145	G	327	322	38378.21	322	3164.73	35213.48	0.75	
146	A	322	314	40907.55	315	1416.23	39491.32	0.85	
147	A	313	306	27506.95	306	2136.61	25370.34	0.54	
148	C	306	298	14720.01	297	6739.43	7980.58	0.17	
149	A	297	289	18956.22	289	2459.09	16497.13	0.35	
150	G	289	283	17834.57	282	3707.98	14126.58	0.3	
151	U	283	276	14686.88	276	1445.15	13241.73	0.28	
152	C	276	268	21605.04	267	8579.57	13025.47	0.28	
153	G	268	262	9735.13	260	1907.06	7828.08	0.17	
154	U	262	255	7677.43	254	1209.23	6468.2	0.14	
155	U	255	247	6607.32	246	906.44	5700.89	0.12	
156	C	248	239	6683.76	238	2747.95	3935.81	0.08	
157	C	240	231	8469.51	230	2827.52	5641.99	0.12	
158	G	231	224	8716.41	223	2307.67	6408.73	0.14	
159	A	224	216	61870.73	215	28928.23	32942.5	0.71	
160	A	216	208	22381.73	207	3151.9	19229.83	0.41	
161	A	208	200	36330.86	200	2250.22	34080.64	0.73	
162	G	199	195	8729.83	194	682.49	8047.33	0.17	
163	G	194	189	5806.19	189	2242.84	3563.36	0.08	
164	A	189	182	9302.46	182	3877.73	5424.73	0.12	
165	A	182	175	14518.8	178	48.93	14469.87	0.31	
166	G	176	170	122181.61	170	35680.56	86501.05	1.85	
167	C	170	163	47101.56	163	9304.48	37797.07	0.81	
168	A	162	155	31876.33	154	2535.53	29340.79	0.63	
169	U	154	148	316639.19	147	137436.73	179202.46	3.84	
170	C	147	140	39880.17	139	10291.31	29588.86	0.63	
171	C	142	131	33810.75	131	17592.99	16217.76	0.35	
172	G	130	125	24484.62	124	6252.27	18232.35	0.39	
173	G	126	120	14010.77	119	3516.04	10494.73	0.22	
174	U	121	116	14704.38	115	2160.68	12543.7	0.27	
175	A	117	110	23846.97	110	4018.19	19828.79	0.42	
176	U	108	103	15735.68	103	4159.45	11576.23	0.25	
177	C	102	94	14568.19	94	7077.15	7491.04	0.16	
178	C	94	87	8204.32	88	3208.74	4995.58	0.11	
179	C	87	79	13241.14	79	11703.8	1537.33	0.03	
180	A	78	72	10928.91	72	6863.49	4065.42	0.09	
181	A	70	65	8375.81	65	4250.76	4125.06	0.09	
182	G	64	60	21431.23	59	3258.57	18172.66	0.39	
183	A	60	53	13643.15	56	41.53	13601.62	0.29	
184	C	53	46	26626.72	46	19250.32	7376.4	0.16	
185	A	46	40	12199.64	39	5342.04	6857.6	0.15	
186	A	38	33	8173.71	33	5101.39	3072.32	0.07	
187	U	31	26	22652.25	26	15437.94	7214.31	0.15	
