seqNum	seqRNA	posSeq	posRX	areaRX	posBG	areaBG	areaDiff	normDiff	
4	U	1499	1490	8774.72	1485	20438.48	-11663.76	-0.1	
5	G	1490	1485	25142.07	1478	10556.79	14585.27	0.12	
6	G	1482	1479	126013.06	1469	9332.03	116681.03	0.97	
7	G	1473	1470	28766.39	1460	4682.19	24084.2	0.2	
8	U	1465	1459	57596.76	1451	11812.5	45784.25	0.38	
9	U	1454	1451	71204.18	1442	7906.34	63297.84	0.53	
10	G	1444	1442	32455.51	1434	3267.29	29188.22	0.24	
11	G	1437	1435	52759.38	1427	13957.46	38801.91	0.32	
12	G	1430	1426	117873.85	1419	17718.08	100155.77	0.84	
13	A	1422	1416	164145.74	1411	19867.06	144278.68	1.21	
14	A	1413	1406	193584.85	1402	15836.96	177747.9	1.48	
15	G	1403	1398	47125.27	1395	8730.61	38394.66	0.32	
16	U	1394	1389	48983.64	1387	14013.57	34970.06	0.29	
17	A	1387	1379	18096.37	1378	7954.68	10141.7	0.08	
18	U	1376	1369	8646.41	1369	4194.01	4452.4	0.04	
19	C	1367	1360	23316.76	1360	13426.02	9890.74	0.08	
20	A	1358	1350	18477.94	1351	6926.34	11551.61	0.1	
21	U	1348	1342	36500.84	1342	12854.02	23646.82	0.2	
22	G	1339	1334	18134.94	1335	4253.29	13881.65	0.12	
23	G	1331	1327	17619.63	1327	3348.04	14271.59	0.12	
24	C	1324	1317	61728.77	1317	15724.43	46004.34	0.38	
25	U	1314	1309	78981.57	1309	8664.45	70317.13	0.59	
26	A	1304	1301	142929.79	1300	14636.11	128293.69	1.07	
27	A	1297	1291	121203.88	1291	10634.37	110569.51	0.92	
28	U	1287	1282	84412.95	1282	8989.13	75423.81	0.63	
29	C	1279	1273	71154.5	1272	22756.06	48398.44	0.4	
30	A	1270	1262	53327.35	1262	8017.14	45310.2	0.38	
31	C	1260	1253	14891.25	1252	9100.98	5790.27	0.05	
32	C	1250	1242	36638.36	1242	21830.3	14808.06	0.12	
33	A	1241	1232	6747.53	1233	2269.01	4478.51	0.04	
34	U	1230	1223	13342.45	1223	9374.96	3967.48	0.03	
35	G	1221	1216	35940.98	1215	18886.29	17054.69	0.14	
36	A	1215	1206	15017.39	1205	5864.21	9153.18	0.08	
37	U	1206	1197	19338.54	1197	9575.71	9762.83	0.08	
38	G	1198	1190	45972.7	1189	16995.75	28976.95	0.24	
39	C	1189	1180	31139.08	1180	12090.68	19048.4	0.16	
40	A	1180	1171	85070.28	1171	17503.97	67566.32	0.56	
41	A	1171	1161	87570.63	1161	10635.55	76935.08	0.64	
42	U	1161	1151	62762.68	1151	7704.75	55057.93	0.46	
43	C	1152	1140	53522.54	1140	25877.73	27644.81	0.23	
44	G	1141	1132	36265.62	1132	13179.67	23085.95	0.19	
45	G	1133	1125	126696.7	1125	56315.31	70381.4	0.59	
46	G	1126	1117	59146.46	1117	30971.78	28174.68	0.24	
47	U	1118	1109	74904.74	1109	10909.36	63995.38	0.53	
48	U	1109	1101	62877.58	1102	11226.04	51651.54	0.43	
49	G	1102	1094	33697.93	1094	6377.79	27320.13	0.23	
50	A	1094	1085	41707.39	1085	7898.34	33809.05	0.28	
51	A	1085	1076	43558.3	1076	9183.47	34374.82	0.29	
52	C	1076	1068	67753.64	1068	46686.71	21066.93	0.18	
53	A	1068	1058	47456.08	1058	20574.6	26881.48	0.22	
54	C	1059	1050	27005.49	1049	18232.74	8772.74	0.07	
55	U	1050	1041	83675.97	1041	19934.63	63741.35	0.53	
56	U	1041	1033	84483.49	1033	21373.16	63110.33	0.53	
57	A	1033	1023	109902.02	1023	29883.79	80018.23	0.67	
58	A	1024	1014	97976.06	1014	156633.7	-58657.64	-0.49	
59	U	1014	1005	32784.09	1005	23636.0	9148.09	0.08	
60	U	1005	996	41338.1	995	4785.5	36552.6	0.31	
61	G	996	989	84850.4	986	13950.22	70900.19	0.59	
62	G	989	982	187687.24	981	63071.97	124615.27	1.04	
63	G	982	975	296728.09	974	230103.64	66624.45	0.56	
64	U	974	968	107533.6	966	43129.39	64404.22	0.54	
65	U	965	960	238604.93	958	163898.82	74706.1	0.62	
66	A	958	951	219497.57	949	93995.52	125502.05	1.05	
67	A	950	942	134781.96	940	12793.46	121988.5	1.02	
68	A	941	933	134045.21	931	14204.36	119840.85	1.0	
69	A	932	923	69377.79	921	6484.49	62893.3	0.53	
70	C	923	913	50007.51	911	26282.6	23724.9	0.2	
71	G	912	905	23245.85	904	9010.07	14235.79	0.12	
72	G	904	897	42615.21	896	10066.28	32548.93	0.27	
73	U	896	889	11653.31	887	4619.73	7033.58	0.06	
74	G	887	881	28011.97	880	4461.99	23549.99	0.2	
75	G	880	873	35978.92	872	10024.9	25954.02	0.22	
76	G	873	866	84575.92	865	75587.96	8987.96	0.08	
77	G	865	859	55134.67	858	36119.9	19014.77	0.16	
78	G	858	852	210354.57	852	26140.53	184214.04	1.54	
79	A	851	843	319401.73	843	6656.13	312745.6	2.61	
80	C	843	834	185498.01	834	26267.34	159230.67	1.33	
81	G	834	827	135549.7	827	21572.47	113977.23	0.95	
82	A	827	819	157162.17	819	19889.36	137272.81	1.15	
83	U	818	811	147522.73	810	8707.14	138815.59	1.16	
84	C	810	802	79938.59	801	41344.8	38593.79	0.32	
85	C	801	793	98127.77	792	72412.94	25714.83	0.21	
86	C	792	783	104866.65	783	91316.04	13550.61	0.11	
87	G	783	776	66992.45	776	11677.01	55315.43	0.46	
88	U	776	769	67867.46	769	11972.55	55894.92	0.47	
89	A	769	761	123210.15	761	10050.47	113159.68	0.95	
90	A	761	753	109547.21	753	6378.26	103168.94	0.86	
91	C	753	744	80845.74	745	13987.69	66858.05	0.56	
92	A	744	736	184131.37	736	7618.41	176512.96	1.47	
93	U	735	728	95192.37	728	3786.8	91405.57	0.76	
94	C	727	719	43862.96	719	6746.18	37116.78	0.31	
95	C	719	710	44094.6	711	18544.75	25549.85	0.21	
96	G	710	703	47984.02	704	20750.87	27233.15	0.23	
97	U	703	696	27769.95	696	6511.14	21258.81	0.18	
98	C	695	687	35395.38	687	9012.83	26382.54	0.22	
99	C	687	679	45995.14	679	9155.69	36839.44	0.31	
100	U	678	671	106845.01	671	8255.67	98589.34	0.82	
101	A	670	662	124593.37	662	11394.71	113198.66	0.95	
102	A	662	653	67858.52	652	4373.78	63484.74	0.53	
103	C	653	643	38436.47	643	11785.59	26650.88	0.22	
104	G	643	636	44488.81	636	9170.39	35318.42	0.3	
105	G	636	630	40683.83	629	14324.47	26359.35	0.22	
106	C	629	621	59235.56	620	26851.82	32383.74	0.27	
107	G	621	614	51605.41	613	10841.32	40764.08	0.34	
108	A	613	605	62336.41	605	8902.66	53433.75	0.45	
109	C	605	596	66644.2	596	27769.01	38875.19	0.32	
110	A	597	588	145706.73	588	8983.48	136723.25	1.14	
111	G	588	581	82071.48	581	9398.59	72672.89	0.61	
112	A	582	573	57694.63	573	3209.42	54485.21	0.46	
113	C	573	564	64748.37	564	23444.08	41304.28	0.35	
114	U	564	557	47733.24	557	7749.62	39983.62	0.33	
115	G	556	550	81998.8	550	6452.32	75546.49	0.63	
116	C	550	541	60645.23	541	15026.96	45618.26	0.38	
117	A	542	532	74413.6	532	7081.36	67332.24	0.56	
118	C	533	523	70850.54	523	30883.62	39966.92	0.33	
119	G	524	517	66883.54	517	14894.7	51988.84	0.43	
120	G	517	510	30219.05	510	6856.78	23362.27	0.2	
121	C	511	501	8363.92	501	3061.33	5302.59	0.04	
122	C	502	493	11315.87	493	8839.57	2476.3	0.02	
123	C	493	485	21796.16	484	12121.37	9674.79	0.08	
124	U	485	477	22506.49	476	4195.16	18311.33	0.15	
125	G	477	471	20347.3	469	797.0	19550.31	0.16	
126	C	471	463	26242.82	462	23993.11	2249.7	0.02	
127	C	462	455	82984.94	454	83612.61	-627.67	-0.01	
128	U	454	447	108008.35	446	15594.95	92413.39	0.77	
129	C	447	438	122291.17	438	6733.17	115558.0	0.97	
130	U	438	430	117367.91	430	4943.79	112424.12	0.94	
131	U	429	421	188888.77	421	20037.26	168851.51	1.41	
132	A	422	412	106030.1	413	6371.93	99658.17	0.83	
133	G	413	406	42597.21	406	4315.08	38282.14	0.32	
134	G	406	400	42679.31	400	4521.68	38157.63	0.32	
135	U	399	393	2059.86	392	2373.44	-313.58	0.0	
136	G	392	386	14610.13	386	2497.12	12113.02	0.1	
137	U	386	379	9966.21	379	4416.5	5549.72	0.05	
138	G	379	373	23084.3	373	8307.9	14776.4	0.12	
139	U	373	366	24416.13	366	5625.81	18790.32	0.16	
140	U	365	358	25159.52	359	6074.03	19085.5	0.16	
141	C	358	350	18011.21	350	3259.67	14751.55	0.12	
142	A	350	342	52222.41	342	4926.88	47295.53	0.4	
143	A	342	333	90112.77	334	7220.57	82892.2	0.69	
144	U	334	327	83888.5	328	15593.95	68294.55	0.57	
145	G	327	321	100071.12	322	8573.21	91497.91	0.76	
146	A	322	313	112370.14	314	13754.73	98615.41	0.82	
147	A	313	305	68926.92	305	7414.21	61512.71	0.51	
148	C	306	296	40712.84	297	13388.94	27323.9	0.23	
149	A	297	288	50132.79	289	7047.93	43084.87	0.36	
150	G	289	282	42273.93	283	6850.88	35423.06	0.3	
151	U	283	276	38887.34	276	2658.27	36229.07	0.3	
152	C	276	268	66651.05	268	13073.67	53577.38	0.45	
153	G	268	262	24005.63	261	1098.64	22906.99	0.19	
154	U	262	256	21283.81	257	3810.65	17473.16	0.15	
155	U	255	248	14608.14	249	1621.75	12986.39	0.11	
156	C	248	240	12887.32	240	7063.36	5823.95	0.05	
157	C	240	231	20280.98	232	12628.19	7652.8	0.06	
158	G	231	223	21789.86	221	15430.14	6359.71	0.05	
159	A	224	215	224604.78	214	153795.25	70809.53	0.59	
160	A	216	208	70910.22	207	13077.01	57833.21	0.48	
161	A	208	200	122876.46	202	6.2	122870.26	1.03	
162	G	199	194	21003.89	196	2878.52	18125.36	0.15	
163	G	194	189	13538.06	190	11709.45	1828.61	0.02	
164	A	189	182	33608.29	182	18973.87	14634.42	0.12	
165	A	182	175	56741.86	176	35487.81	21254.05	0.18	
166	G	176	170	347126.22	170	186362.45	160763.77	1.34	
167	C	170	163	125988.58	163	61245.35	64743.24	0.54	
168	A	162	155	76074.44	155	53677.91	22396.53	0.19	
169	U	154	149	316320.65	149	239997.34	76323.31	0.64	
170	C	147	143	204342.14	143	183951.97	20390.16	0.17	
171	C	142	130	62504.95	131	33525.55	28979.4	0.24	
172	G	130	124	64689.12	126	9346.07	55343.05	0.46	
173	G	126	119	97553.63	120	4385.22	93168.41	0.78	
174	U	121	114	19932.73	116	4582.27	15350.45	0.13	
175	A	117	108	59649.53	108	11034.43	48615.1	0.41	
176	U	108	102	47414.87	102	11494.89	35919.97	0.3	
177	C	102	95	32213.01	94	21765.7	10447.3	0.09	
178	C	94	86	18341.94	87	4710.02	13631.91	0.11	
179	C	87	79	38547.15	78	18697.99	19849.15	0.17	
180	A	78	72	49368.55	71	7459.04	41909.51	0.35	
181	A	70	65	49879.84	65	2556.02	47323.82	0.4	
182	G	64	60	74648.88	60	9326.45	65322.43	0.55	
183	A	60	53	48063.69	52	7830.16	40233.54	0.34	
184	C	53	46	72189.86	46	58418.59	13771.27	0.12	
185	A	46	40	44402.53	39	10241.7	34160.82	0.29	
186	A	38	32	42975.07	30	15363.62	27611.46	0.23	
187	U	31	26	82597.07	25	41666.49	40930.57	0.34	
