seqNum	seqRNA	posSeq	posRX	areaRX	posBG	areaBG	areaDiff	normDiff	
5	G	1876	1862	12301.56	1867	10723.33	1578.23	0.03	
6	G	1866	1853	33615.24	1854	5074.56	28540.68	0.58	
7	G	1854	1843	15821.96	1842	1178.98	14642.98	0.3	
8	U	1844	1833	24293.87	1833	5101.46	19192.41	0.39	
9	U	1833	1822	29640.81	1823	6271.68	23369.12	0.47	
10	G	1821	1813	17852.29	1813	4891.39	12960.9	0.26	
11	G	1812	1804	25142.25	1804	6492.54	18649.72	0.38	
12	G	1801	1793	40458.41	1793	8155.63	32302.77	0.65	
13	A	1791	1781	49901.78	1780	9047.71	40854.07	0.83	
14	A	1780	1768	57043.15	1768	7609.02	49434.13	1.0	
15	G	1767	1757	20234.58	1758	4847.57	15387.01	0.31	
16	U	1757	1747	17623.94	1747	3296.82	14327.12	0.29	
17	A	1747	1734	9078.11	1734	1532.53	7545.58	0.15	
18	U	1732	1721	4517.22	1722	847.95	3669.27	0.07	
19	C	1721	1709	16051.2	1708	3255.62	12795.58	0.26	
20	A	1708	1695	8091.22	1695	1858.47	6232.75	0.13	
21	U	1695	1683	15071.43	1683	3150.99	11920.43	0.24	
22	G	1683	1672	7507.03	1673	1410.09	6096.94	0.12	
23	G	1672	1662	9643.36	1661	1155.11	8488.25	0.17	
24	C	1662	1649	21092.24	1649	3717.86	17374.38	0.35	
25	U	1649	1638	30254.58	1638	2354.9	27899.68	0.56	
26	A	1638	1627	59876.04	1627	4457.41	55418.63	1.12	
27	A	1627	1616	41748.42	1615	2963.86	38784.56	0.78	
28	U	1614	1606	30972.62	1605	2634.5	28338.11	0.57	
29	C	1603	1594	35581.77	1594	5419.47	30162.31	0.61	
30	A	1593	1582	20405.8	1582	2106.75	18299.05	0.37	
31	C	1582	1570	8960.39	1570	1889.75	7070.64	0.14	
32	C	1570	1559	18331.23	1558	4373.39	13957.84	0.28	
33	A	1559	1549	4107.29	1547	601.36	3505.94	0.07	
34	U	1546	1537	11760.93	1536	2085.75	9675.18	0.2	
35	G	1535	1527	16920.02	1527	3283.16	13636.86	0.28	
36	A	1527	1515	8469.58	1515	1580.29	6889.29	0.14	
37	U	1515	1504	10480.18	1505	2012.76	8467.42	0.17	
38	G	1503	1495	18474.21	1495	4117.92	14356.29	0.29	
39	C	1494	1484	17589.43	1484	3155.0	14434.43	0.29	
40	A	1482	1474	43623.19	1473	5762.02	37861.17	0.77	
41	A	1471	1459	25814.74	1460	3234.76	22579.98	0.46	
42	U	1458	1448	24620.45	1449	2662.23	21958.21	0.44	
43	C	1448	1435	30806.03	1436	6319.04	24486.99	0.49	
44	G	1435	1425	14581.78	1426	3249.07	11332.71	0.23	
45	G	1425	1416	48714.43	1417	13563.49	35150.94	0.71	
46	G	1416	1406	58907.55	1407	11707.52	47200.04	0.95	
47	U	1406	1396	24134.8	1397	5053.58	19081.22	0.39	
48	U	1395	1386	23508.35	1387	5929.44	17578.91	0.36	
49	G	1386	1377	12743.13	1378	2888.63	9854.5	0.2	
50	A	1376	1366	12515.05	1367	2541.47	9973.58	0.2	
51	A	1366	1355	14902.39	1356	2439.73	12462.65	0.25	
52	C	1354	1344	40487.29	1345	10078.59	30408.7	0.61	
53	A	1344	1333	15154.43	1333	3840.83	11313.61	0.23	
54	C	1333	1322	8129.03	1322	2992.18	5136.85	0.1	
55	U	1321	1311	22495.62	1312	2667.92	19827.7	0.4	
56	U	1311	1301	30745.74	1302	2576.63	28169.11	0.57	
57	A	1301	1290	42501.87	1290	7261.46	35240.41	0.71	
58	A	1290	1279	122465.26	1279	66644.71	55820.56	1.13	
59	U	1278	1268	59727.85	1269	20540.76	39187.09	0.79	
60	U	1268	1257	17130.5	1258	2463.13	14667.37	0.3	
61	G	1257	1248	18821.34	1248	2456.74	16364.61	0.33	
62	G	1248	1239	64635.12	1239	18183.61	46451.51	0.94	
63	G	1238	1230	253242.12	1230	67422.02	185820.1	3.76	
64	U	1229	1220	42544.6	1220	11165.93	31378.67	0.63	
65	U	1219	1211	74539.76	1211	32093.74	42446.02	0.86	
66	A	1210	1201	105359.39	1201	32538.35	72821.04	1.47	
67	A	1200	1190	50273.77	1190	5073.99	45199.78	0.91	
68	A	1189	1178	45214.56	1178	4023.55	41191.01	0.83	
69	A	1177	1166	23665.62	1167	1783.97	21881.65	0.44	
70	C	1165	1154	30972.66	1154	7194.16	23778.5	0.48	
71	G	1153	1145	14727.85	1144	2919.5	11808.35	0.24	
72	G	1143	1134	19699.48	1134	3966.8	15732.68	0.32	
73	U	1134	1124	6488.94	1124	1733.29	4755.65	0.1	
74	G	1123	1115	11635.85	1114	2126.24	9509.61	0.19	
75	G	1113	1105	15599.87	1106	3056.67	12543.2	0.25	
76	G	1105	1097	58855.08	1097	18899.78	39955.3	0.81	
77	G	1096	1088	40320.91	1088	14355.37	25965.54	0.52	
78	G	1087	1080	80157.65	1079	9779.33	70378.32	1.42	
79	A	1079	1069	99125.27	1069	3110.7	96014.57	1.94	
80	C	1068	1058	57819.12	1058	7590.55	50228.57	1.02	
81	G	1057	1050	40491.36	1050	6836.45	33654.91	0.68	
82	A	1049	1039	39267.3	1039	5468.64	33798.66	0.68	
83	U	1038	1029	46920.69	1029	3863.43	43057.26	0.87	
84	C	1028	1019	36677.42	1018	12413.7	24263.72	0.49	
85	C	1018	1008	43744.24	1008	16957.13	26787.11	0.54	
86	C	1007	997	145778.88	997	31511.66	114267.22	2.31	
87	G	997	988	25536.39	988	5375.19	20161.2	0.41	
88	U	987	980	17130.56	980	3192.05	13938.52	0.28	
89	A	979	970	28306.59	970	3522.99	24783.6	0.5	
90	A	969	960	25343.8	960	2572.0	22771.8	0.46	
91	C	960	950	24818.23	950	3957.24	20860.99	0.42	
92	A	949	939	70473.97	940	2521.72	67952.25	1.37	
93	U	938	930	28272.8	930	1642.46	26630.34	0.54	
94	C	930	920	14060.09	920	2603.16	11456.92	0.23	
95	C	919	909	21141.12	909	4871.96	16269.16	0.33	
96	G	908	900	20151.07	901	4847.88	15303.19	0.31	
97	U	899	891	8708.03	892	1829.51	6878.52	0.14	
98	C	890	881	11370.15	881	2464.61	8905.54	0.18	
99	C	880	871	13950.54	871	2440.36	11510.18	0.23	
100	U	869	861	33024.19	861	2306.71	30717.48	0.62	
101	A	860	850	39846.0	850	3162.92	36683.07	0.74	
102	A	850	839	20627.3	839	2358.33	18268.97	0.37	
103	C	839	828	15388.52	828	3876.73	11511.79	0.23	
104	G	827	819	20731.34	819	4654.92	16076.42	0.32	
105	G	819	810	21681.58	810	7259.71	14421.87	0.29	
106	C	810	799	21762.02	799	6591.38	15170.64	0.31	
107	G	800	791	20529.3	791	5294.65	15234.65	0.31	
108	A	791	781	20308.57	781	3081.33	17227.25	0.35	
109	C	781	771	22336.77	770	6392.79	15943.98	0.32	
110	A	771	761	48958.07	761	3286.88	45671.19	0.92	
111	G	761	753	26146.04	753	3218.95	22927.09	0.46	
112	A	753	743	14454.49	743	1175.36	13279.13	0.27	
113	C	742	733	23621.83	733	6227.6	17394.23	0.35	
114	U	732	724	14605.07	724	2516.18	12088.89	0.24	
115	G	722	716	21642.42	716	2720.59	18921.83	0.38	
116	C	715	705	20019.55	706	3880.63	16138.92	0.33	
117	A	705	695	22067.72	695	2657.99	19409.73	0.39	
118	C	695	685	35228.1	685	9874.88	25353.22	0.51	
119	G	684	677	24767.34	677	4438.57	20328.77	0.41	
120	G	676	669	12275.07	669	1709.61	10565.46	0.21	
121	C	668	659	3975.73	659	794.54	3181.2	0.06	
122	C	658	648	10594.8	648	2636.71	7958.09	0.16	
123	C	648	638	14234.25	638	3906.24	10328.01	0.21	
124	U	637	628	7183.56	628	2000.36	5183.2	0.1	
125	G	628	620	5596.22	620	1138.61	4457.61	0.09	
126	C	620	610	23595.59	610	7172.31	16423.28	0.33	
127	C	610	600	131582.86	600	26144.44	105438.42	2.13	
128	U	600	590	33942.26	590	5111.14	28831.12	0.58	
129	C	590	580	43320.04	580	2330.9	40989.13	0.83	
130	U	580	570	40863.6	570	2029.61	38833.99	0.78	
131	U	570	560	58842.11	560	6840.39	52001.72	1.05	
132	A	560	550	33800.74	550	2393.94	31406.79	0.63	
133	G	550	542	6991.6	542	1734.63	5256.97	0.11	
134	G	541	534	9770.1	534	1873.25	7896.85	0.16	
135	U	533	524	4059.62	526	975.29	3084.33	0.06	
136	G	525	518	7005.02	519	961.32	6043.69	0.12	
137	U	517	509	4420.45	510	1288.63	3131.82	0.06	
138	G	509	502	7223.64	502	1635.91	5587.72	0.11	
139	U	501	494	8287.37	494	1371.29	6916.08	0.14	
140	U	492	485	9454.27	485	2125.26	7329.01	0.15	
141	C	484	475	6278.0	475	1529.72	4748.29	0.1	
142	A	474	466	16268.85	465	1761.75	14507.1	0.29	
143	A	465	456	32992.26	455	2598.37	30393.88	0.61	
144	U	454	448	39629.06	448	5043.8	34585.27	0.7	
145	G	446	440	56194.57	440	4772.11	51422.46	1.04	
146	A	439	431	55198.63	431	5159.89	50038.74	1.01	
147	A	430	421	36945.77	421	4417.76	32528.0	0.66	
148	C	420	411	47211.88	411	4528.17	42683.71	0.86	
149	A	410	402	32064.01	401	3211.58	28852.43	0.58	
150	G	400	394	22561.9	393	5200.31	17361.59	0.35	
151	U	392	386	19527.09	386	1483.47	18043.62	0.36	
152	C	384	376	25883.01	375	5274.84	20608.18	0.42	
153	G	374	368	13853.84	367	641.27	13212.57	0.27	
154	U	366	359	9146.33	359	1204.15	7942.18	0.16	
155	U	358	351	7919.72	350	1286.88	6632.84	0.13	
156	C	349	340	6894.82	340	3057.73	3837.09	0.08	
157	C	340	332	9095.94	331	3521.41	5574.53	0.11	
158	G	330	323	8045.7	323	1946.22	6099.47	0.12	
159	A	322	313	18785.7	313	2722.33	16063.37	0.32	
160	A	312	303	16071.02	303	2717.24	13353.78	0.27	
161	A	303	293	58650.57	296	11.85	58638.72	1.19	
162	G	293	283	122.84	288	1446.8	-1323.96	-0.03	
163	G	287	279	1759.21	281	2583.06	-823.85	-0.02	
164	A	281	274	246.01	272	2616.34	-2370.33	-0.05	
165	A	272	262	28519.56	263	7664.75	20854.8	0.42	
166	G	264	256	309627.44	257	125974.89	183652.55	3.71	
167	C	257	247	105663.35	248	24564.85	81098.5	1.64	
168	A	248	238	40562.0	236	24866.45	15695.56	0.32	
169	U	238	230	446371.84	231	107820.9	338550.93	6.84	
170	C	230	224	85597.57	224	39962.32	45635.24	0.92	
171	C	220	211	21962.11	211	9838.44	12123.68	0.25	
172	G	210	205	15032.96	205	2192.94	12840.02	0.26	
173	G	203	199	23222.77	199	2400.0	20822.77	0.42	
174	U	199	192	21757.65	192	1902.3	19855.35	0.4	
175	A	192	183	30730.19	183	3055.94	27674.26	0.56	
176	U	183	175	22621.43	175	4056.48	18564.95	0.38	
177	C	176	165	18092.38	165	4046.72	14045.66	0.28	
178	C	165	156	5512.08	157	704.93	4807.14	0.1	
179	C	157	146	9126.59	147	3785.48	5341.11	0.11	
180	A	146	137	18571.46	138	3497.7	15073.76	0.3	
181	A	137	130	35640.61	129	2802.63	32837.97	0.66	
182	G	128	123	26239.91	123	3002.52	23237.38	0.47	
183	A	123	115	16442.04	115	3466.49	12975.56	0.26	
184	C	115	106	20796.28	107	11399.27	9397.0	0.19	
185	A	106	98	18328.1	99	4026.64	14301.46	0.29	
186	A	99	90	16585.89	90	2965.65	13620.23	0.28	
187	U	91	83	35779.5	83	11295.81	24483.69	0.49	
