seqNum	seqRNA	posSeq	posRX	areaRX	posBG	areaBG	areaDiff	normDiff	
4	U	1461	1445	5579.53	1445	1680.57	3898.96	0.14	
5	G	1453	1439	16915.31	1438	2997.54	13917.77	0.5	
6	G	1444	1430	11326.35	1430	3540.32	7786.03	0.28	
7	G	1435	1422	18559.28	1422	2605.56	15953.73	0.57	
8	U	1427	1413	7499.35	1414	1707.46	5791.89	0.21	
9	U	1419	1405	6648.35	1405	1955.38	4692.97	0.17	
10	G	1411	1397	5281.67	1398	2117.4	3164.27	0.11	
11	G	1399	1389	6525.14	1390	3063.25	3461.89	0.12	
12	G	1392	1382	10697.02	1383	4362.09	6334.92	0.23	
13	A	1388	1374	13758.94	1374	3221.24	10537.7	0.38	
14	A	1376	1365	21839.43	1365	3092.54	18746.9	0.67	
15	G	1368	1357	8314.5	1358	3162.9	5151.59	0.19	
16	U	1361	1349	3956.7	1350	1714.1	2242.6	0.08	
17	A	1352	1340	2426.58	1341	1142.83	1283.75	0.05	
18	U	1341	1332	2382.94	1333	714.64	1668.29	0.06	
19	C	1332	1323	3252.55	1324	2152.72	1099.84	0.04	
20	A	1323	1314	2368.82	1314	2400.97	-32.15	0.0	
21	U	1310	1305	4701.87	1306	3005.91	1695.96	0.06	
22	G	1297	1297	2265.37	1299	1273.04	992.33	0.04	
23	G	1292	1290	3361.2	1291	1190.27	2170.93	0.08	
24	C	1288	1281	5282.24	1282	2265.34	3016.9	0.11	
25	U	1283	1273	4630.89	1274	2567.15	2063.74	0.07	
26	A	1279	1265	13684.27	1265	3339.91	10344.35	0.37	
27	A	1271	1256	10580.33	1256	1924.23	8656.11	0.31	
28	U	1256	1247	7085.42	1248	914.92	6170.5	0.22	
29	C	1248	1238	9079.76	1239	3184.54	5895.22	0.21	
30	A	1237	1229	3296.49	1230	1175.64	2120.86	0.08	
31	C	1227	1219	2008.69	1220	1331.96	676.73	0.02	
32	C	1216	1210	5001.69	1211	2758.42	2243.27	0.08	
33	A	1211	1201	2384.79	1201	785.0	1599.79	0.06	
34	U	1202	1192	2714.12	1193	1121.19	1592.93	0.06	
35	G	1188	1185	4462.13	1186	2171.29	2290.84	0.08	
36	A	1184	1177	2100.41	1176	1152.68	947.72	0.03	
37	U	1174	1168	2357.31	1168	1392.4	964.91	0.03	
38	G	1165	1160	4540.01	1160	1758.59	2781.42	0.1	
39	C	1159	1151	5991.21	1152	2976.09	3015.12	0.11	
40	A	1151	1142	14722.6	1143	2999.05	11723.55	0.42	
41	A	1144	1133	12881.41	1133	1832.61	11048.8	0.4	
42	U	1134	1124	8191.37	1124	1076.23	7115.14	0.26	
43	C	1124	1114	13659.28	1114	7239.93	6419.36	0.23	
44	G	1113	1106	7474.09	1106	3085.04	4389.05	0.16	
45	G	1106	1099	10397.63	1099	3536.57	6861.06	0.25	
46	G	1098	1090	17852.2	1091	6641.31	11210.89	0.4	
47	U	1090	1082	7972.7	1083	1230.91	6741.79	0.24	
48	U	1084	1075	6223.4	1075	1487.55	4735.85	0.17	
49	G	1077	1069	7973.38	1068	3654.84	4318.54	0.16	
50	A	1069	1059	4172.91	1060	1854.34	2318.57	0.08	
51	A	1062	1051	6459.87	1051	2130.82	4329.05	0.16	
52	C	1050	1043	16737.53	1042	8811.64	7925.89	0.29	
53	A	1042	1034	7065.45	1033	1737.11	5328.33	0.19	
54	C	1034	1024	7131.67	1024	2532.42	4599.25	0.17	
55	U	1022	1016	13063.13	1016	1360.73	11702.4	0.42	
56	U	1018	1008	19724.73	1008	1494.29	18230.44	0.66	
57	A	1009	999	21987.69	999	3379.41	18608.28	0.67	
58	A	998	990	16948.57	990	2581.83	14366.74	0.52	
59	U	990	982	18158.43	981	7136.88	11021.56	0.4	
60	U	982	973	5001.77	972	1520.34	3481.43	0.13	
61	G	976	965	5744.26	965	3324.1	2420.16	0.09	
62	G	966	958	10036.24	958	7013.52	3022.73	0.11	
63	G	958	951	65130.3	951	47988.64	17141.66	0.62	
64	U	951	944	5374.39	943	4553.14	821.24	0.03	
65	U	942	936	10793.35	935	2573.68	8219.67	0.3	
66	A	935	927	33731.06	927	8397.57	25333.49	0.91	
67	A	927	918	27023.47	918	3231.27	23792.2	0.86	
68	A	920	909	27250.78	908	2389.61	24861.17	0.9	
69	A	907	900	19926.47	899	1710.87	18215.6	0.66	
70	C	898	889	20614.62	889	11596.28	9018.34	0.32	
71	G	888	882	7597.98	882	3402.8	4195.18	0.15	
72	G	879	874	9334.61	875	3104.21	6230.4	0.22	
73	U	872	866	3995.66	866	1308.77	2686.89	0.1	
74	G	865	859	8742.4	859	2175.05	6567.35	0.24	
75	G	856	852	16127.42	852	6058.35	10069.07	0.36	
76	G	849	845	32960.94	845	30112.59	2848.35	0.1	
77	G	842	838	22684.51	838	20617.29	2067.22	0.07	
78	G	837	831	19363.38	831	11841.75	7521.64	0.27	
79	A	831	823	20245.37	823	3630.35	16615.02	0.6	
80	C	823	814	17818.69	814	7430.06	10388.62	0.37	
81	G	815	808	22430.26	808	5358.45	17071.81	0.61	
82	A	807	799	20427.45	799	2487.28	17940.18	0.65	
83	U	798	791	14615.51	791	1599.67	13015.84	0.47	
84	C	791	783	11531.32	782	7668.46	3862.86	0.14	
85	C	783	774	14734.62	774	13211.1	1523.52	0.05	
86	C	774	765	129764.23	765	97628.48	32135.75	1.16	
87	G	765	758	23569.57	757	12014.96	11554.62	0.42	
88	U	758	751	10716.83	750	3017.67	7699.15	0.28	
89	A	753	743	27356.06	743	3283.22	24072.84	0.87	
90	A	744	735	21009.52	735	3901.34	17108.17	0.62	
91	C	736	727	12612.6	727	3955.95	8656.65	0.31	
92	A	728	719	19010.13	718	2834.47	16175.67	0.58	
93	U	720	710	7574.0	710	1455.66	6118.34	0.22	
94	C	712	702	6280.78	702	2088.83	4191.96	0.15	
95	C	703	693	12431.63	693	8138.28	4293.35	0.15	
96	G	695	687	9961.3	686	5681.09	4280.21	0.15	
97	U	688	680	3454.76	679	1520.93	1933.82	0.07	
98	C	681	671	5911.36	670	2154.69	3756.67	0.14	
99	C	672	662	12777.9	662	2475.77	10302.13	0.37	
100	U	663	655	42178.52	654	2236.28	39942.24	1.44	
101	A	655	646	30504.56	646	3847.64	26656.91	0.96	
102	A	646	638	18703.76	637	2597.71	16106.06	0.58	
103	C	637	628	16896.17	628	6729.73	10166.45	0.37	
104	G	628	621	24795.19	621	5292.09	19503.1	0.7	
105	G	621	615	22439.56	615	9033.34	13406.21	0.48	
106	C	615	607	16208.95	606	6964.44	9244.52	0.33	
107	G	606	600	17348.76	600	6289.09	11059.67	0.4	
108	A	599	591	13435.44	591	3500.25	9935.18	0.36	
109	C	591	583	19972.18	583	7427.13	12545.04	0.45	
110	A	582	575	19764.39	575	3946.09	15818.3	0.57	
111	G	574	569	19738.0	568	6956.18	12781.81	0.46	
112	A	568	560	7883.13	560	1717.96	6165.17	0.22	
113	C	560	552	15040.76	552	7132.02	7908.75	0.28	
114	U	551	544	6889.25	545	1833.14	5056.12	0.18	
115	G	543	538	17310.92	538	6318.7	10992.23	0.4	
116	C	537	530	11692.51	530	4301.29	7391.22	0.27	
117	A	529	521	13110.62	521	2835.49	10275.13	0.37	
118	C	520	512	33036.28	512	17099.4	15936.88	0.57	
119	G	512	506	18618.53	506	7094.1	11524.43	0.41	
120	G	505	499	23456.16	500	6845.87	16610.29	0.6	
121	C	499	491	3966.25	492	2101.85	1864.4	0.07	
122	C	490	482	7755.66	483	5318.56	2437.1	0.09	
123	C	482	474	18180.08	475	10596.65	7583.43	0.27	
124	U	474	467	6405.75	467	3618.39	2787.35	0.1	
125	G	466	461	10282.19	461	5288.19	4994.0	0.18	
126	C	461	452	53008.18	453	39282.18	13726.0	0.49	
127	C	452	444	102046.94	445	73871.87	28175.07	1.01	
128	U	445	437	22807.35	437	6646.12	16161.23	0.58	
129	C	437	428	18633.41	429	3910.68	14722.73	0.53	
130	U	428	421	16963.59	421	2509.52	14454.06	0.52	
131	U	420	413	25560.25	413	3467.95	22092.3	0.8	
132	A	412	403	23279.17	404	4365.98	18913.19	0.68	
133	G	403	397	14488.81	397	5889.4	8599.4	0.31	
134	G	397	391	16767.43	391	5601.67	11165.76	0.4	
135	U	391	382	3957.04	382	2273.64	1683.39	0.06	
136	G	383	376	7302.98	376	3019.32	4283.66	0.15	
137	U	377	368	2832.39	368	1147.82	1684.57	0.06	
138	G	370	362	8264.19	362	4422.07	3842.12	0.14	
139	U	364	355	3925.95	355	1511.93	2414.03	0.09	
140	U	357	349	3415.76	348	943.62	2472.15	0.09	
141	C	350	341	6120.8	341	2353.18	3767.62	0.14	
142	A	343	334	16043.64	333	2631.89	13411.75	0.48	
143	A	335	326	24927.92	326	2925.25	22002.68	0.79	
144	U	326	319	22706.3	320	2743.3	19963.0	0.72	
145	G	321	314	39295.73	314	10208.09	29087.64	1.05	
146	A	315	307	28105.01	306	3548.31	24556.7	0.88	
147	A	307	299	22142.49	299	3034.64	19107.84	0.69	
148	C	299	291	14879.37	291	5739.9	9139.47	0.33	
149	A	291	282	23837.5	283	3612.11	20225.39	0.73	
150	G	283	276	21233.19	277	7942.75	13290.44	0.48	
151	U	277	270	12774.15	270	1217.34	11556.82	0.42	
152	C	272	261	18311.4	262	5781.6	12529.8	0.45	
153	G	263	256	24671.73	256	4885.45	19786.27	0.71	
154	U	257	249	8251.89	249	1664.78	6587.11	0.24	
155	U	250	242	3048.56	242	961.93	2086.63	0.08	
156	C	243	234	4567.22	234	2888.52	1678.7	0.06	
157	C	235	226	8967.62	226	3995.87	4971.75	0.18	
158	G	227	220	24395.76	220	9102.24	15293.53	0.55	
159	A	221	212	75929.25	211	29673.56	46255.69	1.67	
160	A	213	205	24631.81	205	5336.84	19294.97	0.69	
161	A	206	197	33561.47	197	3626.89	29934.58	1.08	
162	G	198	192	17614.03	192	6888.3	10725.73	0.39	
163	G	192	187	15898.73	187	6910.62	8988.11	0.32	
164	A	188	180	12626.61	180	3783.8	8842.81	0.32	
165	A	180	173	12017.95	174	1141.1	10876.85	0.39	
166	G	174	168	51252.48	168	17880.01	33372.47	1.2	
167	C	168	160	26959.7	160	7959.65	19000.05	0.68	
168	A	161	152	22762.75	152	2095.9	20666.85	0.74	
169	U	153	145	48666.59	145	18857.29	29809.29	1.07	
170	C	146	137	7744.99	137	4074.13	3670.87	0.13	
171	C	136	128	17596.85	128	8922.88	8673.97	0.31	
172	G	130	120	26325.42	120	8459.97	17865.44	0.64	
173	G	121	114	17324.37	114	2894.36	14430.02	0.52	
174	U	115	107	37734.48	107	6317.06	31417.42	1.13	
175	A	108	101	15248.89	101	3270.75	11978.14	0.43	
176	U	103	93	10227.69	93	3160.74	7066.96	0.25	
177	C	94	86	6416.48	86	1660.16	4756.32	0.17	
178	C	85	78	10840.67	78	4610.39	6230.28	0.22	
179	C	78	71	7175.72	71	2389.42	4786.3	0.17	
180	A	71	65	4633.28	65	1056.04	3577.24	0.13	
181	A	65	60	40334.3	60	9159.63	31174.67	1.12	
182	G	60	53	10307.06	53	1817.93	8489.13	0.31	
183	A	54	46	11735.24	46	6518.73	5216.52	0.19	
184	C	47	39	11917.2	39	2524.92	9392.29	0.34	
185	A	39	32	23101.29	32	3014.94	20086.35	0.72	
186	A	32	26	29909.98	26	8387.79	21522.19	0.77	
187	U	27	20	36484.4	20	18583.46	17900.94	0.64	
