seqNum	seqRNA	posSeq	posRX	areaRX	posBG	areaBG	areaDiff	normDiff	
4	U	1461	1453	19908.82	1451	2052.62	17856.21	0.24	
5	G	1453	1445	28747.03	1442	1418.68	27328.36	0.37	
6	G	1444	1436	41862.9	1433	2170.85	39692.05	0.54	
7	G	1435	1426	21765.98	1424	1092.78	20673.2	0.28	
8	U	1427	1420	6326.44	1417	470.91	5855.53	0.08	
9	U	1419	1409	19230.53	1413	2106.27	17124.26	0.23	
10	G	1411	1400	24179.05	1401	1501.33	22677.73	0.31	
11	G	1399	1391	31430.8	1393	3780.48	27650.32	0.37	
12	G	1392	1383	26038.85	1388	6979.37	19059.48	0.26	
13	A	1388	1373	26319.83	1379	6110.33	20209.51	0.27	
14	A	1376	1364	83474.57	1368	3836.71	79637.86	1.08	
15	G	1368	1354	22202.18	1360	2780.4	19421.79	0.26	
16	U	1361	1342	18306.76	1352	3296.03	15010.72	0.2	
17	A	1352	1335	57330.55	1343	1358.77	55971.79	0.76	
18	U	1341	1327	27351.57	1329	675.61	26675.96	0.36	
19	C	1332	1320	21237.26	1323	2497.7	18739.56	0.25	
20	A	1323	1313	26963.94	1310	1221.77	25742.17	0.35	
21	U	1310	1301	6428.74	1304	3097.26	3331.48	0.05	
22	G	1297	1289	14750.53	1297	693.76	14056.77	0.19	
23	G	1292	1279	12987.37	1288	832.46	12154.91	0.16	
24	C	1288	1273	15440.08	1280	3015.37	12424.71	0.17	
25	U	1283	1267	14499.2	1273	1151.98	13347.22	0.18	
26	A	1279	1262	17610.9	1264	1994.07	15616.83	0.21	
27	A	1271	1254	22186.07	1255	1369.6	20816.47	0.28	
28	U	1256	1244	21472.64	1244	822.24	20650.4	0.28	
29	C	1248	1234	20692.4	1237	4606.21	16086.19	0.22	
30	A	1237	1225	9639.83	1228	1213.66	8426.18	0.11	
31	C	1227	1218	24272.34	1217	2071.21	22201.13	0.3	
32	C	1216	1213	21867.79	1209	4682.56	17185.23	0.23	
33	A	1211	1208	19176.85	1202	475.69	18701.16	0.25	
34	U	1202	1196	11344.77	1191	1902.36	9442.41	0.13	
35	G	1188	1190	34919.01	1184	3749.04	31169.97	0.42	
36	A	1184	1182	12982.05	1175	762.5	12219.55	0.17	
37	U	1174	1171	16814.22	1166	1404.52	15409.7	0.21	
38	G	1165	1164	39639.91	1159	2115.96	37523.94	0.51	
39	C	1159	1158	21666.0	1150	3128.64	18537.36	0.25	
40	A	1151	1146	28013.37	1141	2852.05	25161.33	0.34	
41	A	1144	1137	27942.88	1132	1286.62	26656.26	0.36	
42	U	1134	1127	30124.18	1123	1621.51	28502.67	0.39	
43	C	1124	1117	24594.53	1113	11369.23	13225.3	0.18	
44	G	1113	1108	21206.9	1103	3641.51	17565.39	0.24	
45	G	1106	1099	27205.83	1098	11558.03	15647.8	0.21	
46	G	1098	1094	18334.4	1090	13552.66	4781.75	0.06	
47	U	1090	1085	17766.02	1084	7358.47	10407.55	0.14	
48	U	1084	1076	33782.73	1075	4236.78	29545.95	0.4	
49	G	1077	1070	19848.61	1068	3385.99	16462.62	0.22	
50	A	1069	1062	17855.27	1060	2232.87	15622.39	0.21	
51	A	1062	1052	20340.72	1049	2972.84	17367.89	0.23	
52	C	1050	1044	44636.41	1042	21086.15	23550.26	0.32	
53	A	1042	1036	48781.42	1033	3753.58	45027.84	0.61	
54	C	1034	1031	28612.37	1024	4684.71	23927.66	0.32	
55	U	1022	1018	24145.76	1016	1275.77	22869.99	0.31	
56	U	1018	1010	29673.41	1008	2580.19	27093.22	0.37	
57	A	1009	997	64245.5	995	5000.01	59245.49	0.8	
58	A	998	990	89637.35	990	33873.84	55763.5	0.75	
59	U	990	983	41808.83	982	14944.4	26864.42	0.36	
60	U	982	975	16542.2	973	963.47	15578.73	0.21	
61	G	976	964	325099.57	965	2245.62	322853.95	4.36	
62	G	966	958	83182.57	958	6626.62	76555.95	1.04	
63	G	958	951	108083.12	952	30112.8	77970.32	1.05	
64	U	951	944	84620.06	944	6145.79	78474.27	1.06	
65	U	942	936	69232.47	936	18313.31	50919.16	0.69	
66	A	935	926	64488.91	927	19261.69	45227.21	0.61	
67	A	927	919	24709.14	918	3356.48	21352.66	0.29	
68	A	920	908	40139.78	909	3502.49	36637.29	0.5	
69	A	907	898	38575.16	899	1108.58	37466.57	0.51	
70	C	898	888	39972.88	889	10940.77	29032.11	0.39	
71	G	888	882	25095.52	881	2403.33	22692.18	0.31	
72	G	879	878	46458.18	874	2046.27	44411.91	0.6	
73	U	872	871	55360.21	864	1134.08	54226.13	0.73	
74	G	865	864	11188.87	856	1127.46	10061.41	0.14	
75	G	856	849	16536.54	848	4032.07	12504.47	0.17	
76	G	849	842	34478.88	843	16467.43	18011.45	0.24	
77	G	842	836	29849.76	837	24672.72	5177.05	0.07	
78	G	837	829	32210.51	830	7575.64	24634.87	0.33	
79	A	831	821	23668.95	822	1008.91	22660.04	0.31	
80	C	823	813	33072.12	814	10316.05	22756.07	0.31	
81	G	815	808	49576.21	807	5470.41	44105.8	0.6	
82	A	807	798	41694.38	799	2701.23	38993.16	0.53	
83	U	798	793	87359.82	791	2058.64	85301.18	1.15	
84	C	791	784	47643.08	783	14671.95	32971.13	0.45	
85	C	783	775	69837.57	775	31429.91	38407.66	0.52	
86	C	774	767	118527.81	767	88285.11	30242.7	0.41	
87	G	765	760	66010.12	759	8838.72	57171.4	0.77	
88	U	758	753	44085.82	752	2947.97	41137.85	0.56	
89	A	753	745	58473.34	745	2166.52	56306.82	0.76	
90	A	744	738	52502.88	736	1487.37	51015.5	0.69	
91	C	736	729	54360.73	728	4182.23	50178.5	0.68	
92	A	728	721	52066.05	719	1617.75	50448.29	0.68	
93	U	720	713	31771.0	711	598.3	31172.7	0.42	
94	C	712	704	41156.63	702	2319.87	38836.76	0.53	
95	C	703	696	49736.13	693	13432.28	36303.85	0.49	
96	G	695	689	56111.12	686	9494.55	46616.58	0.63	
97	U	688	682	31521.05	679	2408.96	29112.09	0.39	
98	C	681	673	53684.86	671	3840.94	49843.92	0.67	
99	C	672	665	40814.5	663	2287.25	38527.25	0.52	
100	U	663	657	31701.26	656	1730.35	29970.91	0.41	
101	A	655	648	65217.91	648	2635.6	62582.31	0.85	
102	A	646	638	59130.57	639	1368.31	57762.26	0.78	
103	C	637	629	28505.86	629	8640.4	19865.46	0.27	
104	G	628	622	35491.56	622	2942.49	32549.07	0.44	
105	G	621	615	49067.81	616	5492.06	43575.75	0.59	
106	C	615	606	64321.75	607	19495.34	44826.41	0.61	
107	G	606	599	42697.82	600	6050.02	36647.8	0.5	
108	A	599	591	48320.11	590	3229.05	45091.06	0.61	
109	C	591	582	69905.23	582	16664.35	53240.88	0.72	
110	A	582	574	55123.55	574	4353.73	50769.82	0.69	
111	G	574	568	51437.13	568	3388.04	48049.09	0.65	
112	A	568	560	50253.34	559	917.43	49335.91	0.67	
113	C	560	551	58059.07	551	12723.22	45335.85	0.61	
114	U	551	543	39272.01	543	2643.34	36628.67	0.5	
115	G	543	537	49293.22	537	2150.03	47143.2	0.64	
116	C	537	529	55722.65	529	8149.93	47572.72	0.64	
117	A	529	520	81247.51	520	2405.76	78841.76	1.07	
118	C	520	512	76081.42	512	19273.4	56808.03	0.77	
119	G	512	506	98500.91	505	4584.31	93916.6	1.27	
120	G	505	499	37223.29	499	2340.87	34882.42	0.47	
121	C	499	491	39278.49	491	1718.86	37559.63	0.51	
122	C	490	483	61983.63	482	4435.62	57548.01	0.78	
123	C	482	475	53753.72	474	8186.54	45567.18	0.62	
124	U	474	468	49312.47	467	1629.7	47682.78	0.64	
125	G	466	462	34198.13	461	565.7	33632.43	0.45	
126	C	461	454	61532.3	453	17492.95	44039.35	0.6	
127	C	452	446	114804.79	445	97729.88	17074.91	0.23	
128	U	445	438	144754.38	437	11062.54	133691.85	1.81	
129	C	437	430	32661.25	429	4187.28	28473.98	0.38	
130	U	428	422	58772.61	421	2306.62	56465.99	0.76	
131	U	420	413	88229.12	413	6597.51	81631.61	1.1	
132	A	412	405	51352.13	404	2018.59	49333.54	0.67	
133	G	403	398	44662.93	398	1418.97	43243.96	0.58	
134	G	397	392	44557.8	391	2021.11	42536.69	0.58	
135	U	391	384	24262.71	384	1000.45	23262.26	0.31	
136	G	383	378	29044.22	378	704.59	28339.63	0.38	
137	U	377	371	32807.12	371	1814.49	30992.64	0.42	
138	G	370	365	31326.59	365	3778.23	27548.36	0.37	
139	U	364	358	50373.5	358	1913.04	48460.46	0.66	
140	U	357	350	61824.03	350	1096.92	60727.11	0.82	
141	C	350	342	17206.14	342	1601.52	15604.62	0.21	
142	A	343	335	37487.38	335	1590.39	35896.99	0.49	
143	A	335	326	50624.18	327	1771.59	48852.6	0.66	
144	U	326	320	52968.24	321	2879.47	50088.77	0.68	
145	G	321	314	25947.5	315	2096.7	23850.8	0.32	
146	A	315	307	37567.8	308	1677.01	35890.79	0.49	
147	A	307	299	39425.11	299	1822.38	37602.74	0.51	
148	C	299	291	47093.36	291	4757.27	42336.09	0.57	
149	A	291	283	42671.31	283	2151.26	40520.05	0.55	
150	G	283	277	39123.78	277	1962.66	37161.12	0.5	
151	U	277	271	40826.64	272	828.67	39997.97	0.54	
152	C	272	263	72584.7	264	5390.34	67194.36	0.91	
153	G	263	256	4705.28	258	1758.12	2947.16	0.04	
154	U	257	251	27662.54	251	946.98	26715.56	0.36	
155	U	250	244	23824.26	244	728.56	23095.71	0.31	
156	C	243	236	35523.87	236	2563.84	32960.03	0.45	
157	C	235	228	52464.31	228	2055.57	50408.74	0.68	
158	G	227	221	14354.08	221	1779.62	12574.46	0.17	
159	A	221	214	68150.12	213	20859.49	47290.63	0.64	
160	A	213	206	60307.85	206	2742.92	57564.93	0.78	
161	A	206	199	16924.92	199	1616.83	15308.1	0.21	
162	G	198	193	24172.57	193	1233.97	22938.61	0.31	
163	G	192	188	24243.72	187	1872.86	22370.86	0.3	
164	A	188	181	34057.53	180	2746.93	31310.6	0.42	
165	A	180	173	28720.67	177	11.66	28709.02	0.39	
166	G	174	168	62408.84	169	26215.05	36193.79	0.49	
167	C	168	161	42177.25	162	6767.38	35409.87	0.48	
168	A	161	154	34258.28	154	1581.28	32677.0	0.44	
169	U	153	146	62958.82	146	107846.46	-44887.64	-0.61	
170	C	146	138	36581.29	138	8932.55	27648.74	0.37	
171	C	136	129	78702.4	129	13134.8	65567.6	0.89	
172	G	130	123	47341.09	122	5309.58	42031.51	0.57	
173	G	121	115	37464.63	115	4047.14	33417.49	0.45	
174	U	115	108	42378.33	108	3376.18	39002.16	0.53	
175	A	108	101	36505.96	102	2643.17	33862.79	0.46	
176	U	103	93	47128.45	93	4922.6	42205.85	0.57	
177	C	94	86	24690.36	87	2539.22	22151.14	0.3	
178	C	85	78	44375.56	78	8292.81	36082.75	0.49	
179	C	78	71	30705.31	71	5070.37	25634.94	0.35	
180	A	71	63	24371.93	63	3314.16	21057.76	0.28	
181	A	65	59	16886.75	58	1843.23	15043.52	0.2	
182	G	60	53	29701.16	51	1111.01	28590.15	0.39	
183	A	54	46	41706.7	46	15995.21	25711.49	0.35	
184	C	47	39	25114.88	39	4445.46	20669.42	0.28	
185	A	39	31	38452.06	32	6160.05	32292.01	0.44	
186	A	32	25	63849.03	26	13113.26	50735.77	0.69	
187	U	27	19	51450.32	20	31371.01	20079.31	0.27	
