seqNum	seqRNA	posSeq	posRX	areaRX	posBG	areaBG	areaDiff	normDiff	
5	G	1876	1868	21782.78	1870	2214.44	19568.33	0.17	
6	G	1866	1858	82299.57	1860	6920.05	75379.52	0.65	
7	G	1854	1845	43499.64	1847	4459.77	39039.87	0.34	
8	U	1844	1834	69382.73	1836	17489.17	51893.56	0.45	
9	U	1833	1821	74428.62	1824	12791.38	61637.23	0.53	
10	G	1821	1809	22823.94	1813	9744.53	13079.41	0.11	
11	G	1812	1799	31280.31	1803	16069.06	15211.25	0.13	
12	G	1801	1789	70519.04	1793	19313.79	51205.25	0.44	
13	A	1791	1777	108292.1	1781	23446.75	84845.35	0.73	
14	A	1780	1765	148529.08	1768	16816.97	131712.11	1.13	
15	G	1767	1754	55208.3	1757	10390.18	44818.12	0.38	
16	U	1757	1744	37931.6	1746	8517.36	29414.24	0.25	
17	A	1747	1731	16833.59	1732	3333.85	13499.74	0.12	
18	U	1732	1719	9658.95	1720	2444.28	7214.67	0.06	
19	C	1721	1707	15699.49	1707	5998.08	9701.41	0.08	
20	A	1708	1694	14553.23	1694	4105.35	10447.89	0.09	
21	U	1695	1682	15312.96	1682	4860.98	10451.98	0.09	
22	G	1683	1672	8550.68	1672	2119.72	6430.97	0.06	
23	G	1672	1662	9903.24	1660	3724.29	6178.95	0.05	
24	C	1662	1650	20685.58	1649	9563.44	11122.14	0.1	
25	U	1649	1639	35340.96	1638	4993.89	30347.07	0.26	
26	A	1638	1628	78074.72	1628	8884.6	69190.12	0.59	
27	A	1627	1616	76957.99	1616	7507.22	69450.77	0.6	
28	U	1614	1605	152202.14	1607	6936.92	145265.23	1.25	
29	C	1603	1596	64570.12	1596	9951.62	54618.5	0.47	
30	A	1593	1579	64649.82	1584	3919.88	60729.94	0.52	
31	C	1582	1570	250681.85	1571	3749.18	246932.67	2.12	
32	C	1570	1559	333864.6	1560	8996.46	324868.14	2.79	
33	A	1559	1550	39157.04	1548	1071.56	38085.48	0.33	
34	U	1546	1541	20204.18	1538	4004.04	16200.14	0.14	
35	G	1535	1529	9429.36	1528	7058.65	2370.71	0.02	
36	A	1527	1517	11000.9	1517	2998.65	8002.25	0.07	
37	U	1515	1507	13989.94	1505	4359.91	9630.02	0.08	
38	G	1503	1497	29658.26	1496	8999.04	20659.22	0.18	
39	C	1494	1486	28815.42	1485	2570.26	26245.16	0.23	
40	A	1482	1474	71668.73	1474	10882.74	60786.0	0.52	
41	A	1471	1462	89133.21	1461	6533.75	82599.46	0.71	
42	U	1458	1450	71670.05	1449	9247.53	62422.52	0.54	
43	C	1448	1437	47669.93	1436	12430.75	35239.18	0.3	
44	G	1435	1427	11576.25	1425	6977.53	4598.73	0.04	
45	G	1425	1417	32818.73	1417	38228.4	-5409.67	-0.05	
46	G	1416	1407	39744.66	1407	19400.93	20343.73	0.17	
47	U	1406	1397	49798.37	1396	14575.04	35223.33	0.3	
48	U	1395	1387	76044.03	1387	14764.55	61279.48	0.53	
49	G	1386	1377	73599.6	1377	4001.9	69597.69	0.6	
50	A	1376	1366	56132.65	1366	6076.4	50056.25	0.43	
51	A	1366	1355	64837.91	1355	6617.65	58220.26	0.5	
52	C	1354	1344	59667.31	1345	18361.82	41305.49	0.35	
53	A	1344	1333	60807.91	1333	8587.99	52219.92	0.45	
54	C	1333	1322	30976.89	1322	4084.69	26892.2	0.23	
55	U	1321	1312	71235.68	1313	9015.81	62219.87	0.53	
56	U	1311	1302	77603.66	1303	7163.7	70439.96	0.61	
57	A	1301	1291	144522.35	1290	22093.11	122429.24	1.05	
58	A	1290	1280	154604.06	1280	170899.94	-16295.88	-0.14	
59	U	1278	1269	126247.01	1269	31542.23	94704.78	0.81	
60	U	1268	1258	45028.24	1258	4482.68	40545.56	0.35	
61	G	1257	1248	47272.77	1247	4837.14	42435.63	0.36	
62	G	1248	1239	79613.57	1240	39732.64	39880.93	0.34	
63	G	1238	1230	177442.36	1231	120906.49	56535.87	0.49	
64	U	1229	1220	54839.73	1222	26588.49	28251.24	0.24	
65	U	1219	1211	127370.57	1212	113827.89	13542.68	0.12	
66	A	1210	1200	187243.18	1201	48187.3	139055.87	1.19	
67	A	1200	1189	75009.64	1190	7319.46	67690.18	0.58	
68	A	1189	1177	81550.76	1179	9705.55	71845.21	0.62	
69	A	1177	1166	72212.14	1167	6797.61	65414.53	0.56	
70	C	1165	1154	54996.86	1155	12353.29	42643.58	0.37	
71	G	1153	1144	41599.33	1145	6546.65	35052.68	0.3	
72	G	1143	1134	54179.87	1135	9125.99	45053.88	0.39	
73	U	1134	1124	11795.13	1125	3808.14	7986.99	0.07	
74	G	1123	1114	19774.02	1115	2835.44	16938.58	0.15	
75	G	1113	1104	33019.78	1105	6297.16	26722.61	0.23	
76	G	1105	1096	37551.06	1097	42438.75	-4887.7	-0.04	
77	G	1096	1088	39758.92	1088	28653.64	11105.28	0.1	
78	G	1087	1080	56527.02	1080	24604.79	31922.23	0.27	
79	A	1079	1069	65363.02	1069	7184.25	58178.76	0.5	
80	C	1068	1058	45331.62	1058	12939.28	32392.35	0.28	
81	G	1057	1050	64230.59	1050	12608.76	51621.84	0.44	
82	A	1049	1039	66719.45	1039	11427.05	55292.4	0.47	
83	U	1038	1029	50790.65	1029	6014.5	44776.16	0.38	
84	C	1028	1019	47001.86	1019	13357.91	33643.95	0.29	
85	C	1018	1008	52155.38	1008	24058.08	28097.3	0.24	
86	C	1007	997	174095.89	997	33578.68	140517.21	1.21	
87	G	997	989	81427.92	989	9610.88	71817.04	0.62	
88	U	987	980	68249.3	980	6437.21	61812.08	0.53	
89	A	979	970	98208.6	970	8654.66	89553.94	0.77	
90	A	969	960	85017.04	960	7224.67	77792.37	0.67	
91	C	960	950	42313.43	950	7763.04	34550.39	0.3	
92	A	949	940	63414.62	940	6001.18	57413.44	0.49	
93	U	938	930	47376.56	930	3233.6	44142.96	0.38	
94	C	930	920	32396.94	920	5540.99	26855.95	0.23	
95	C	919	908	32192.09	909	8132.87	24059.23	0.21	
96	G	908	900	38826.9	901	8618.8	30208.11	0.26	
97	U	899	891	24440.38	891	4127.43	20312.96	0.17	
98	C	890	881	26104.86	880	5861.12	20243.73	0.17	
99	C	880	870	34638.93	871	7456.16	27182.76	0.23	
100	U	869	861	69577.8	861	4907.84	64669.96	0.56	
101	A	860	851	81966.04	850	9279.6	72686.45	0.62	
102	A	850	840	53919.49	838	8384.94	45534.55	0.39	
103	C	839	828	31393.02	827	7222.32	24170.7	0.21	
104	G	827	819	38890.39	819	7049.77	31840.62	0.27	
105	G	819	811	38118.92	811	13875.25	24243.67	0.21	
106	C	810	800	38830.08	800	12931.76	25898.32	0.22	
107	G	800	791	47926.84	792	11343.29	36583.55	0.31	
108	A	791	781	49696.05	781	7651.3	42044.74	0.36	
109	C	781	770	37405.51	771	13611.71	23793.8	0.2	
110	A	771	760	75857.68	760	7546.25	68311.43	0.59	
111	G	761	752	73328.9	752	7353.97	65974.93	0.57	
112	A	753	742	50274.88	743	3060.88	47214.0	0.41	
113	C	742	733	47633.74	732	10635.61	36998.12	0.32	
114	U	732	724	41426.19	723	6690.91	34735.28	0.3	
115	G	722	716	64430.27	715	6905.66	57524.61	0.49	
116	C	715	706	36826.22	705	9451.29	27374.93	0.24	
117	A	705	696	55823.55	694	11111.88	44711.66	0.38	
118	C	695	685	64275.36	685	12186.71	52088.65	0.45	
119	G	684	677	58930.44	678	9661.62	49268.82	0.42	
120	G	676	669	42059.83	669	2972.57	39087.26	0.34	
121	C	668	659	15047.49	660	2142.61	12904.88	0.11	
122	C	658	648	14771.47	649	5062.68	9708.78	0.08	
123	C	648	637	23290.19	638	7498.19	15791.99	0.14	
124	U	637	628	22382.66	629	4538.48	17844.17	0.15	
125	G	628	620	25290.27	620	3826.97	21463.3	0.18	
126	C	620	609	36240.99	610	9082.7	27158.28	0.23	
127	C	610	600	159940.68	600	29767.06	130173.62	1.12	
128	U	600	590	72587.64	590	13554.64	59033.0	0.51	
129	C	590	580	37710.02	580	4064.05	33645.97	0.29	
130	U	580	570	42159.91	570	6794.47	35365.45	0.3	
131	U	570	560	66095.54	560	19056.94	47038.61	0.4	
132	A	560	549	75480.11	550	3946.46	71533.65	0.61	
133	G	550	540	56735.07	542	4234.89	52500.17	0.45	
134	G	541	533	53989.57	534	5088.27	48901.3	0.42	
135	U	533	525	6858.65	524	3385.37	3473.27	0.03	
136	G	525	518	41246.3	517	1919.06	39327.23	0.34	
137	U	517	509	24306.42	509	3653.32	20653.1	0.18	
138	G	509	502	43737.75	501	2617.14	41120.6	0.35	
139	U	501	494	36823.91	494	3303.89	33520.01	0.29	
140	U	492	485	38340.99	484	6532.65	31808.34	0.27	
141	C	484	475	25233.31	476	2750.26	22483.05	0.19	
142	A	474	466	56279.17	465	4462.15	51817.01	0.45	
143	A	465	456	78523.46	455	6499.6	72023.86	0.62	
144	U	454	448	73871.93	448	14917.91	58954.02	0.51	
145	G	446	441	89187.08	439	7560.99	81626.1	0.7	
146	A	439	431	83774.49	431	9762.86	74011.62	0.64	
147	A	430	421	61261.96	420	11780.74	49481.21	0.42	
148	C	420	411	33662.44	411	11319.13	22343.3	0.19	
149	A	410	401	64828.5	401	6641.95	58186.55	0.5	
150	G	400	393	70269.17	393	6224.91	64044.26	0.55	
151	U	392	385	54327.79	386	13553.76	40774.03	0.35	
152	C	384	375	51351.86	375	13314.71	38037.15	0.33	
153	G	374	368	35439.8	365	400.28	35039.52	0.3	
154	U	366	359	32580.06	360	3180.8	29399.27	0.25	
155	U	358	350	25892.75	351	2750.57	23142.18	0.2	
156	C	349	340	17817.15	340	12292.92	5524.24	0.05	
157	C	340	330	22055.33	331	14269.68	7785.66	0.07	
158	G	330	323	27810.11	323	7846.76	19963.34	0.17	
159	A	322	313	61318.53	314	11209.65	50108.88	0.43	
160	A	312	303	54984.89	304	10907.44	44077.45	0.38	
161	A	303	293	45622.68	292	43.66	45579.02	0.39	
162	G	293	287	28596.61	287	3035.65	25560.97	0.22	
163	G	287	281	26298.86	280	174.08	26124.78	0.22	
164	A	281	273	31380.44	272	4579.93	26800.5	0.23	
165	A	272	262	94761.18	262	72484.15	22277.03	0.19	
166	G	264	257	391732.73	257	140793.59	250939.14	2.16	
167	C	257	249	60590.57	249	54757.52	5833.05	0.05	
168	A	248	238	71848.76	240	52288.26	19560.5	0.17	
169	U	238	232	386612.77	233	153711.54	232901.23	2.0	
170	C	230	225	133661.65	226	139302.3	-5640.65	-0.05	
171	C	220	211	54801.74	211	18876.99	35924.75	0.31	
172	G	210	205	53467.67	204	4338.12	49129.55	0.42	
173	G	203	200	64963.22	198	3466.26	61496.96	0.53	
174	U	199	193	54442.76	193	3304.33	51138.43	0.44	
175	A	192	184	79141.22	184	5623.11	73518.11	0.63	
176	U	183	176	52252.72	175	9088.7	43164.03	0.37	
177	C	176	166	33250.66	165	9662.86	23587.8	0.2	
178	C	165	157	19465.75	156	3666.7	15799.04	0.14	
179	C	157	147	24581.45	147	13162.15	11419.31	0.1	
180	A	146	139	56085.66	138	12336.05	43749.61	0.38	
181	A	137	129	54155.68	129	9097.22	45058.46	0.39	
182	G	128	124	63329.19	123	6040.6	57288.59	0.49	
183	A	123	115	48027.77	114	11136.39	36891.37	0.32	
184	C	115	107	41718.1	107	27519.82	14198.28	0.12	
185	A	106	99	49724.42	99	8769.17	40955.25	0.35	
186	A	99	90	68534.76	91	6757.87	61776.89	0.53	
187	U	91	83	74729.74	83	24456.99	50272.75	0.43	
