seqNum	seqRNA	posSeq	posRX	areaRX	posBG	areaBG	areaDiff	normDiff	
4	U	1461	1452	7107.79	1453	1725.44	5382.35	0.17	
5	G	1453	1443	5327.88	1444	897.17	4430.7	0.14	
6	G	1444	1436	39868.08	1436	670.73	39197.35	1.23	
7	G	1435	1427	20447.11	1428	978.85	19468.26	0.61	
8	U	1427	1418	12341.71	1418	581.6	11760.11	0.37	
9	U	1419	1409	13927.45	1409	1109.79	12817.67	0.4	
10	G	1411	1402	2238.46	1398	493.01	1745.46	0.05	
11	G	1399	1393	4819.14	1393	1877.15	2941.99	0.09	
12	G	1392	1386	14775.34	1386	3715.54	11059.8	0.35	
13	A	1388	1377	31942.91	1377	3045.15	28897.76	0.91	
14	A	1376	1368	51428.41	1366	1983.92	49444.49	1.55	
15	G	1368	1360	7924.9	1359	1365.47	6559.42	0.21	
16	U	1361	1351	7191.24	1352	1651.16	5540.08	0.17	
17	A	1352	1342	3562.4	1343	688.54	2873.86	0.09	
18	U	1341	1333	4242.45	1331	209.34	4033.11	0.13	
19	C	1332	1324	5518.8	1323	1269.78	4249.02	0.13	
20	A	1323	1314	5232.36	1311	650.21	4582.15	0.14	
21	U	1310	1306	5892.94	1305	1628.86	4264.08	0.13	
22	G	1297	1298	3272.23	1297	310.2	2962.03	0.09	
23	G	1292	1291	3392.74	1288	357.87	3034.87	0.1	
24	C	1288	1282	6118.98	1280	1495.33	4623.65	0.15	
25	U	1283	1274	7790.56	1273	526.42	7264.15	0.23	
26	A	1279	1265	22168.77	1265	1009.07	21159.7	0.66	
27	A	1271	1256	18949.29	1255	605.37	18343.92	0.58	
28	U	1256	1247	18140.22	1245	421.79	17718.42	0.56	
29	C	1248	1238	10053.1	1237	2354.91	7698.19	0.24	
30	A	1237	1229	5934.02	1228	647.37	5286.65	0.17	
31	C	1227	1220	3213.3	1217	1025.87	2187.43	0.07	
32	C	1216	1211	7394.53	1209	2336.39	5058.14	0.16	
33	A	1211	1202	2895.16	1203	220.36	2674.81	0.08	
34	U	1202	1193	4284.99	1191	952.57	3332.42	0.1	
35	G	1188	1185	7319.21	1184	1860.29	5458.92	0.17	
36	A	1184	1177	3586.56	1175	370.58	3215.98	0.1	
37	U	1174	1168	6366.77	1166	700.94	5665.83	0.18	
38	G	1165	1161	5612.9	1159	1056.07	4556.83	0.14	
39	C	1159	1152	6443.35	1150	1636.95	4806.39	0.15	
40	A	1151	1143	29253.36	1141	1420.14	27833.22	0.87	
41	A	1144	1133	28047.48	1132	683.7	27363.77	0.86	
42	U	1134	1124	21040.62	1122	804.04	20236.58	0.63	
43	C	1124	1114	20744.76	1113	5747.07	14997.69	0.47	
44	G	1113	1106	7252.9	1104	1825.74	5427.16	0.17	
45	G	1106	1099	21630.5	1098	5825.85	15804.64	0.5	
46	G	1098	1091	16051.85	1090	6793.61	9258.24	0.29	
47	U	1090	1083	17745.48	1084	3705.31	14040.17	0.44	
48	U	1084	1075	14335.81	1075	2130.2	12205.61	0.38	
49	G	1077	1068	8089.12	1068	1690.27	6398.85	0.2	
50	A	1069	1060	6886.18	1060	1093.85	5792.33	0.18	
51	A	1062	1051	9811.74	1047	1780.86	8030.88	0.25	
52	C	1050	1043	23014.51	1042	9571.43	13443.08	0.42	
53	A	1042	1034	12074.56	1033	1864.07	10210.49	0.32	
54	C	1034	1025	9943.33	1024	2164.0	7779.33	0.24	
55	U	1022	1016	26705.63	1017	615.81	26089.81	0.82	
56	U	1018	1008	31216.38	1008	1300.46	29915.92	0.94	
57	A	1009	999	41832.98	996	1790.09	40042.9	1.26	
58	A	998	990	30816.71	990	17363.62	13453.08	0.42	
59	U	990	982	21902.11	982	7144.17	14757.95	0.46	
60	U	982	973	8728.94	973	472.49	8256.45	0.26	
61	G	976	966	9085.51	965	1118.54	7966.96	0.25	
62	G	966	959	19716.99	958	3325.03	16391.96	0.51	
63	G	958	951	48998.89	952	15068.31	33930.58	1.06	
64	U	951	943	17395.71	944	3070.01	14325.7	0.45	
65	U	942	936	38019.08	936	9093.13	28925.94	0.91	
66	A	935	928	63107.78	927	9708.82	53398.96	1.68	
67	A	927	919	48092.4	918	1767.43	46324.97	1.45	
68	A	920	910	50565.34	908	1825.09	48740.25	1.53	
69	A	907	901	41203.6	898	599.98	40603.63	1.27	
70	C	898	891	20644.76	888	5490.92	15153.85	0.48	
71	G	888	883	7936.33	880	1203.57	6732.75	0.21	
72	G	879	875	13867.33	873	982.0	12885.33	0.4	
73	U	872	867	3669.24	863	516.41	3152.82	0.1	
74	G	865	859	8199.11	853	593.09	7606.02	0.24	
75	G	856	852	13517.38	848	1959.36	11558.02	0.36	
76	G	849	845	18756.79	843	9029.64	9727.16	0.31	
77	G	842	838	26642.79	837	10740.26	15902.53	0.5	
78	G	837	831	15882.66	831	3766.75	12115.91	0.38	
79	A	831	823	33439.03	823	491.26	32947.76	1.03	
80	C	823	814	21742.66	815	4880.73	16861.93	0.53	
81	G	815	808	28904.96	808	2833.62	26071.34	0.82	
82	A	807	799	31553.2	800	1341.58	30211.62	0.95	
83	U	798	791	28399.54	791	1085.38	27314.15	0.86	
84	C	791	783	14954.59	783	7162.8	7791.79	0.24	
85	C	783	774	26666.76	774	15427.69	11239.07	0.35	
86	C	774	765	83793.43	766	43269.84	40523.59	1.27	
87	G	765	758	24974.9	759	4122.48	20852.41	0.65	
88	U	758	751	17360.29	752	1501.27	15859.02	0.5	
89	A	753	743	35722.01	745	1090.35	34631.66	1.09	
90	A	744	735	28450.02	736	738.56	27711.46	0.87	
91	C	736	727	16258.71	729	1991.89	14266.83	0.45	
92	A	728	719	28424.69	720	818.38	27606.31	0.87	
93	U	720	711	13631.31	712	234.09	13397.22	0.42	
94	C	712	703	8365.42	704	1073.02	7292.4	0.23	
95	C	703	694	15485.84	696	6373.97	9111.87	0.29	
96	G	695	687	14159.85	689	5307.97	8851.88	0.28	
97	U	688	680	5785.5	682	1276.6	4508.89	0.14	
98	C	681	671	7813.51	673	2294.48	5519.04	0.17	
99	C	672	663	12040.59	664	1147.13	10893.45	0.34	
100	U	663	655	49046.29	656	891.48	48154.8	1.51	
101	A	655	647	36254.37	647	1357.33	34897.04	1.09	
102	A	646	638	26832.98	638	729.51	26103.47	0.82	
103	C	637	629	15779.19	628	4247.04	11532.15	0.36	
104	G	628	622	18033.67	621	1457.63	16576.04	0.52	
105	G	621	616	15371.59	615	3067.64	12303.94	0.39	
106	C	615	607	28811.51	606	10261.48	18550.03	0.58	
107	G	606	600	11937.47	599	2428.8	9508.68	0.3	
108	A	599	592	15771.17	591	1320.19	14450.98	0.45	
109	C	591	583	21595.85	583	8275.25	13320.6	0.42	
110	A	582	575	33354.24	574	2375.72	30978.52	0.97	
111	G	574	569	15318.85	568	1737.44	13581.41	0.43	
112	A	568	560	8714.95	560	460.42	8254.53	0.26	
113	C	560	552	15200.05	552	6193.88	9006.17	0.28	
114	U	551	544	7455.07	544	1484.52	5970.55	0.19	
115	G	543	538	12896.67	537	1186.5	11710.17	0.37	
116	C	537	530	13580.01	529	4067.24	9512.77	0.3	
117	A	529	521	20682.33	520	1392.68	19289.65	0.61	
118	C	520	512	31608.4	512	9747.44	21860.96	0.69	
119	G	512	506	13426.7	505	2025.09	11401.61	0.36	
120	G	505	500	9658.32	500	1103.05	8555.27	0.27	
121	C	499	491	2502.92	491	907.28	1595.64	0.05	
122	C	490	483	4178.7	482	2207.65	1971.06	0.06	
123	C	482	474	9618.16	474	4019.41	5598.75	0.18	
124	U	474	468	6669.03	466	667.35	6001.68	0.19	
125	G	466	461	3542.8	461	271.11	3271.7	0.1	
126	C	461	453	17652.5	453	9724.44	7928.06	0.25	
127	C	452	445	101450.87	445	47598.51	53852.37	1.69	
128	U	445	437	26650.46	437	4780.67	21869.78	0.69	
129	C	437	429	16960.79	429	2058.22	14902.58	0.47	
130	U	428	421	19527.89	421	1154.44	18373.45	0.58	
131	U	420	413	33069.96	413	3385.41	29684.55	0.93	
132	A	412	404	16757.49	404	1049.25	15708.24	0.49	
133	G	403	398	6790.06	398	702.06	6088.0	0.19	
134	G	397	392	12388.49	391	1048.62	11339.87	0.36	
135	U	391	384	3476.48	384	423.2	3053.28	0.1	
136	G	383	378	5550.86	378	393.58	5157.28	0.16	
137	U	377	371	6342.61	371	893.94	5448.67	0.17	
138	G	370	365	14576.43	365	1949.71	12626.73	0.4	
139	U	364	360	9267.37	357	953.37	8314.0	0.26	
140	U	357	351	6285.48	350	532.27	5753.21	0.18	
141	C	350	344	4749.45	342	799.7	3949.74	0.12	
142	A	343	336	10323.15	335	781.31	9541.85	0.3	
143	A	335	328	16934.97	327	879.16	16055.81	0.5	
144	U	326	321	18683.72	321	1413.19	17270.54	0.54	
145	G	321	315	20535.15	315	1015.44	19519.72	0.61	
146	A	315	308	28019.7	308	888.55	27131.15	0.85	
147	A	307	300	30102.28	299	892.09	29210.19	0.92	
148	C	299	290	46752.25	291	2359.82	44392.43	1.39	
149	A	291	284	49064.91	283	1067.94	47996.96	1.51	
150	G	283	278	47733.43	277	937.39	46796.04	1.47	
151	U	277	272	35657.04	272	396.86	35260.18	1.11	
152	C	272	264	18233.48	264	2745.44	15488.04	0.49	
153	G	263	258	11217.65	258	883.68	10333.97	0.32	
154	U	257	251	3749.64	251	461.36	3288.28	0.1	
155	U	250	244	1701.17	244	352.05	1349.12	0.04	
156	C	243	236	1833.06	236	1321.53	511.54	0.02	
157	C	235	228	2473.01	227	1087.36	1385.65	0.04	
158	G	227	221	5949.89	220	816.6	5133.29	0.16	
159	A	221	213	36002.82	213	10183.98	25818.84	0.81	
160	A	213	205	18851.04	206	1382.8	17468.24	0.55	
161	A	206	197	32843.44	198	952.51	31890.93	1.0	
162	G	198	192	4010.06	191	703.31	3306.75	0.1	
163	G	192	187	4149.59	186	588.65	3560.94	0.11	
164	A	188	180	5896.19	181	1396.06	4500.13	0.14	
165	A	180	173	5286.88	177	16.22	5270.67	0.17	
166	G	174	168	37005.86	169	13382.61	23623.24	0.74	
167	C	168	160	13908.85	162	3412.71	10496.13	0.33	
168	A	161	153	18954.93	155	615.71	18339.21	0.58	
169	U	153	146	77676.04	147	53547.36	24128.68	0.76	
170	C	146	138	9984.04	139	5013.38	4970.66	0.16	
171	C	136	129	13801.59	130	6601.74	7199.84	0.23	
172	G	130	121	11978.65	123	2664.37	9314.28	0.29	
173	G	121	115	9324.51	116	2024.1	7300.41	0.23	
174	U	115	108	19949.74	109	1689.37	18260.37	0.57	
175	A	108	102	7400.81	103	1272.82	6127.99	0.19	
176	U	103	93	5685.91	94	2535.01	3150.89	0.1	
177	C	94	86	2907.34	88	1291.97	1615.37	0.05	
178	C	85	79	4737.21	79	4308.9	428.31	0.01	
179	C	78	71	2431.2	72	2602.65	-171.45	-0.01	
180	A	71	64	3472.3	64	1688.33	1783.97	0.06	
181	A	65	60	13191.19	59	1152.14	12039.05	0.38	
182	G	60	54	3201.34	56	13.13	3188.21	0.1	
183	A	54	47	11895.89	47	7345.0	4550.89	0.14	
184	C	47	40	6292.35	41	2826.99	3465.36	0.11	
185	A	39	33	10068.73	33	2989.1	7079.63	0.22	
186	A	32	27	19184.02	27	7075.32	12108.71	0.38	
187	U	27	20	13057.26	21	15667.12	-2609.87	-0.08	
