seqNum	seqRNA	posSeq	posRX	areaRX	posBG	areaBG	areaDiff	normDiff	
3	U	1890	1885	6412.37	1881	2572.04	3840.33	0.26	
4	U	1880	1872	9642.8	1871	2054.16	7588.64	0.51	
5	G	1871	1860	10587.51	1860	2018.5	8569.0	0.57	
6	G	1860	1851	22750.15	1850	2541.07	20209.08	1.35	
7	G	1849	1839	6017.35	1838	938.87	5078.48	0.34	
8	U	1837	1827	15856.54	1826	2075.77	13780.77	0.92	
9	U	1825	1816	10000.63	1814	1550.13	8450.5	0.57	
10	G	1814	1805	2415.53	1804	727.93	1687.6	0.11	
11	G	1803	1794	11358.32	1794	2431.33	8927.0	0.6	
12	G	1793	1784	11284.24	1783	2525.89	8758.35	0.59	
13	A	1783	1772	16278.56	1771	3382.62	12895.95	0.86	
14	A	1770	1759	9880.94	1759	1619.82	8261.12	0.55	
15	G	1758	1748	8437.83	1748	1064.69	7373.14	0.49	
16	U	1747	1737	10544.79	1737	2581.6	7963.19	0.53	
17	A	1737	1726	6529.45	1725	1412.68	5116.77	0.34	
18	U	1724	1713	4468.95	1713	769.37	3699.57	0.25	
19	C	1711	1702	9038.35	1701	1921.58	7116.77	0.48	
20	A	1700	1689	7190.84	1688	1696.68	5494.16	0.37	
21	U	1687	1678	8155.38	1677	2146.9	6008.49	0.4	
22	G	1676	1669	2474.48	1667	831.45	1643.03	0.11	
23	G	1666	1657	3722.7	1656	933.45	2789.25	0.19	
24	C	1656	1646	9318.74	1645	2225.46	7093.28	0.48	
25	U	1644	1635	3446.63	1634	874.61	2572.02	0.17	
26	A	1633	1624	12474.23	1623	1391.46	11082.77	0.74	
27	A	1622	1611	7508.4	1611	1028.87	6479.53	0.43	
28	U	1609	1600	11565.23	1600	1554.44	10010.8	0.67	
29	C	1599	1588	13999.93	1588	2942.77	11057.16	0.74	
30	A	1587	1576	6245.89	1576	1170.85	5075.04	0.34	
31	C	1575	1564	5962.49	1563	1063.6	4898.89	0.33	
32	C	1563	1551	16936.31	1551	2558.56	14377.74	0.96	
33	A	1551	1540	9510.37	1540	315.46	9194.91	0.62	
34	U	1538	1531	10327.26	1528	963.88	9363.38	0.63	
35	G	1528	1519	17212.74	1518	2973.36	14239.38	0.95	
36	A	1518	1507	5087.14	1507	991.93	4095.21	0.27	
37	U	1506	1496	4572.79	1496	1043.45	3529.34	0.24	
38	G	1496	1487	11410.39	1486	3974.78	7435.61	0.5	
39	C	1485	1474	2812.78	1474	1358.84	1453.94	0.1	
40	A	1474	1461	15843.2	1463	2039.72	13803.48	0.92	
41	A	1462	1451	13697.93	1450	1603.24	12094.69	0.81	
42	U	1449	1438	9475.19	1438	2708.05	6767.14	0.45	
43	C	1438	1425	10727.66	1426	2816.32	7911.34	0.53	
44	G	1425	1415	10340.14	1416	1807.23	8532.91	0.57	
45	G	1414	1406	18548.62	1406	5980.17	12568.46	0.84	
46	G	1406	1393	11717.35	1396	2298.37	9418.99	0.63	
47	U	1395	1383	35725.76	1386	2523.84	33201.92	2.22	
48	U	1384	1375	18243.5	1376	2132.25	16111.26	1.08	
49	G	1375	1367	13465.42	1366	514.34	12951.08	0.87	
50	A	1365	1355	8347.26	1355	1334.92	7012.34	0.47	
51	A	1355	1343	4313.67	1344	1324.87	2988.8	0.2	
52	C	1343	1332	11414.89	1333	8509.0	2905.9	0.19	
53	A	1332	1320	9202.47	1321	3093.96	6108.51	0.41	
54	C	1320	1308	2941.34	1309	844.19	2097.15	0.14	
55	U	1308	1298	9601.62	1299	4067.0	5534.61	0.37	
56	U	1297	1287	7124.56	1288	3994.55	3130.01	0.21	
57	A	1287	1276	21333.57	1275	3683.22	17650.35	1.18	
58	A	1275	1265	25937.99	1264	19043.44	6894.55	0.46	
59	U	1263	1253	8342.11	1253	2904.99	5437.12	0.36	
60	U	1252	1241	3088.58	1242	879.08	2209.49	0.15	
61	G	1241	1232	4763.25	1232	1362.5	3400.75	0.23	
62	G	1232	1223	11992.63	1223	5094.1	6898.53	0.46	
63	G	1223	1213	13710.92	1214	8775.16	4935.76	0.33	
64	U	1213	1204	10714.05	1205	7385.89	3328.16	0.22	
65	U	1203	1194	22882.96	1194	13448.88	9434.09	0.63	
66	A	1194	1184	11783.92	1184	3356.29	8427.63	0.56	
67	A	1183	1171	4418.81	1173	1034.57	3384.24	0.23	
68	A	1172	1160	10236.72	1161	2294.09	7942.63	0.53	
69	A	1160	1148	7507.25	1148	1564.46	5942.79	0.4	
70	C	1148	1136	9898.32	1136	3131.2	6767.11	0.45	
71	G	1136	1126	9905.09	1126	2182.33	7722.77	0.52	
72	G	1126	1116	11083.65	1116	2354.89	8728.76	0.58	
73	U	1116	1105	4404.96	1106	988.61	3416.36	0.23	
74	G	1105	1095	4416.62	1096	696.62	3720.0	0.25	
75	G	1096	1086	3215.6	1087	1012.57	2203.03	0.15	
76	G	1086	1077	10275.69	1078	6158.13	4117.56	0.28	
77	G	1077	1068	11955.24	1069	6796.6	5158.64	0.35	
78	G	1068	1059	19259.93	1060	4997.13	14262.8	0.96	
79	A	1059	1049	37916.33	1048	1868.04	36048.29	2.41	
80	C	1048	1038	34905.51	1037	3788.19	31117.32	2.08	
81	G	1036	1029	21434.41	1028	4155.01	17279.4	1.16	
82	A	1027	1018	23276.1	1017	2571.06	20705.04	1.39	
83	U	1016	1008	25839.16	1006	1249.19	24589.97	1.65	
84	C	1006	997	6619.54	996	2393.15	4226.39	0.28	
85	C	995	986	8904.93	985	3416.16	5488.78	0.37	
86	C	985	975	17353.08	974	5177.33	12175.75	0.82	
87	G	973	967	6289.53	966	1868.5	4421.03	0.3	
88	U	965	957	8982.99	957	2940.53	6042.46	0.4	
89	A	957	947	11548.72	947	2077.68	9471.03	0.63	
90	A	947	937	8967.66	937	1796.41	7171.25	0.48	
91	C	937	926	21421.77	927	5699.67	15722.1	1.05	
92	A	926	916	61634.19	916	1771.87	59862.32	4.01	
93	U	915	906	15147.62	906	825.32	14322.3	0.96	
94	C	906	895	5685.79	895	1250.92	4434.87	0.3	
95	C	895	884	8773.15	884	2738.66	6034.49	0.4	
96	G	884	875	10710.73	875	3066.01	7644.72	0.51	
97	U	874	865	4645.79	866	1172.01	3473.79	0.23	
98	C	865	854	6530.9	855	1588.13	4942.77	0.33	
99	C	854	844	7721.36	845	2301.5	5419.85	0.36	
100	U	843	834	6713.25	835	1784.77	4928.48	0.33	
101	A	834	824	17024.74	824	2221.25	14803.49	0.99	
102	A	823	812	10962.67	811	1562.91	9399.76	0.63	
103	C	811	801	7120.37	801	1672.37	5448.0	0.36	
104	G	800	792	8050.83	792	1861.29	6189.54	0.41	
105	G	791	784	8140.74	783	2622.07	5518.67	0.37	
106	C	782	773	9329.64	772	3409.44	5920.2	0.4	
107	G	772	764	7148.98	763	1684.26	5464.72	0.37	
108	A	763	753	8451.97	752	1768.88	6683.09	0.45	
109	C	752	743	14730.03	742	12489.03	2241.01	0.15	
110	A	742	733	25188.22	732	2308.31	22879.91	1.53	
111	G	731	724	10214.66	724	1983.78	8230.87	0.55	
112	A	723	714	4276.87	713	748.03	3528.84	0.24	
113	C	713	704	12806.12	703	3454.6	9351.52	0.63	
114	U	702	694	7121.99	694	1494.54	5627.45	0.38	
115	G	693	686	8740.79	685	1895.49	6845.3	0.46	
116	C	686	677	12353.22	675	8791.34	3561.88	0.24	
117	A	675	667	11197.24	664	2534.77	8662.47	0.58	
118	C	664	659	10983.44	655	2954.61	8028.83	0.54	
119	G	654	652	13024.47	647	2594.8	10429.67	0.7	
120	G	647	643	3831.51	639	858.73	2972.78	0.2	
121	C	639	632	2745.86	629	643.58	2102.28	0.14	
122	C	629	620	7138.68	619	1436.89	5701.79	0.38	
123	C	619	609	8175.05	609	1754.4	6420.65	0.43	
124	U	608	599	5649.73	600	1112.18	4537.55	0.3	
125	G	599	590	3074.13	591	577.78	2496.36	0.17	
126	C	590	579	6288.59	580	1734.68	4553.91	0.31	
127	C	579	569	16692.64	570	4113.04	12579.59	0.84	
128	U	569	559	14081.74	559	1989.59	12092.15	0.81	
129	C	559	548	18269.58	549	1170.86	17098.72	1.15	
130	U	547	538	35319.21	539	1296.1	34023.11	2.28	
131	U	537	528	65054.58	528	6378.07	58676.51	3.93	
132	A	528	518	18494.07	518	1051.47	17442.6	1.17	
133	G	516	509	6798.45	509	966.63	5831.82	0.39	
134	G	508	501	6523.18	501	1319.19	5203.99	0.35	
135	U	500	492	2818.25	492	433.97	2384.28	0.16	
136	G	491	484	2952.86	484	515.28	2437.57	0.16	
137	U	483	475	4397.24	475	801.84	3595.4	0.24	
138	G	475	467	3998.37	467	927.37	3070.99	0.21	
139	U	466	458	8484.04	459	1642.6	6841.44	0.46	
140	U	457	449	8035.7	449	1809.42	6226.28	0.42	
141	C	449	439	4100.14	440	674.68	3425.46	0.23	
142	A	439	429	9380.06	430	855.4	8524.65	0.57	
143	A	429	419	14157.57	419	1369.26	12788.32	0.86	
144	U	419	412	20887.62	412	2959.04	17928.58	1.2	
145	G	412	403	5799.04	403	612.97	5186.07	0.35	
146	A	404	394	11615.48	394	1283.56	10331.92	0.69	
147	A	394	383	9717.82	383	1785.26	7932.56	0.53	
148	C	384	373	9520.92	374	5531.29	3989.63	0.27	
149	A	373	363	7860.79	364	1738.4	6122.4	0.41	
150	G	363	355	6071.57	356	1252.84	4818.74	0.32	
151	U	354	347	4782.87	347	946.08	3836.78	0.26	
152	C	347	337	16416.65	337	2836.23	13580.43	0.91	
153	G	337	329	2480.95	329	470.13	2010.82	0.13	
154	U	328	321	6733.4	322	1076.3	5657.1	0.38	
155	U	320	312	4168.69	312	745.44	3423.26	0.23	
156	C	311	301	8733.1	302	2039.98	6693.12	0.45	
157	C	302	293	14485.69	293	2966.92	11518.77	0.77	
158	G	293	284	2090.11	284	661.79	1428.32	0.1	
159	A	284	274	10487.86	274	1668.11	8819.75	0.59	
160	A	274	262	15269.9	263	1709.16	13560.74	0.91	
161	A	263	254	9774.41	252	24.26	9750.15	0.65	
162	G	254	248	5336.95	248	1069.65	4267.29	0.29	
163	G	247	241	7985.12	241	1833.42	6151.7	0.41	
164	A	240	232	10724.84	232	2439.21	8285.62	0.56	
165	A	232	224	7937.75	225	1784.17	6153.57	0.41	
166	G	224	217	60965.79	217	26817.5	34148.29	2.29	
167	C	216	208	26823.05	208	12010.82	14812.23	0.99	
168	A	207	198	15963.72	199	4623.61	11340.11	0.76	
169	U	196	189	91601.77	189	45930.39	45671.37	3.06	
170	C	189	179	14022.53	180	6060.55	7961.98	0.53	
171	C	179	169	16743.55	169	4452.57	12290.98	0.82	
172	G	168	162	2300.33	159	1748.35	551.98	0.04	
173	G	156	150	6166.57	151	3437.58	2728.98	0.18	
174	U	148	140	9396.66	142	2004.24	7392.42	0.5	
175	A	140	132	12919.06	133	2285.67	10633.39	0.71	
176	U	133	122	7346.5	123	1413.5	5933.0	0.4	
177	C	122	113	1861.22	114	295.34	1565.88	0.1	
178	C	115	103	9208.65	104	2224.21	6984.44	0.47	
179	C	103	94	12137.73	95	1749.05	10388.68	0.7	
180	A	95	85	9112.08	88	80.13	9031.95	0.61	
181	A	85	79	9645.88	81	1426.87	8219.01	0.55	
182	G	80	71	10818.02	71	1551.26	9266.76	0.62	
183	A	72	62	16389.45	63	5577.75	10811.7	0.72	
184	C	62	54	12781.08	55	2114.78	10666.3	0.71	
185	A	56	45	11817.49	50	782.92	11034.57	0.74	
186	A	48	38	13692.81	43	2388.61	11304.19	0.76	
187	U	41	30	15204.63	36	3984.74	11219.89	0.75	
