seqNum	seqRNA	posSeq	posRX	areaRX	posBG	areaBG	areaDiff	normDiff	
4	U	1545	1536	17404.8	1536	7405.73	9999.07	0.25	
5	G	1535	1527	19972.51	1527	8880.48	11092.03	0.28	
6	G	1527	1520	135351.67	1519	14852.91	120498.76	3.02	
7	G	1518	1510	22547.33	1510	3428.79	19118.54	0.48	
8	U	1509	1500	40749.18	1500	9912.53	30836.65	0.77	
9	U	1499	1491	24396.08	1491	7225.98	17170.1	0.43	
10	G	1490	1482	2982.15	1482	1814.4	1167.75	0.03	
11	G	1482	1475	23157.95	1474	10279.55	12878.4	0.32	
12	G	1474	1466	26975.96	1466	10558.74	16417.23	0.41	
13	A	1465	1457	48712.83	1456	13697.25	35015.59	0.88	
14	A	1456	1447	41166.52	1447	5508.1	35658.41	0.89	
15	G	1446	1438	13356.65	1438	2630.95	10725.71	0.27	
16	U	1437	1430	25292.97	1430	9128.49	16164.48	0.41	
17	A	1429	1420	16152.49	1420	4743.42	11409.07	0.29	
18	U	1419	1410	12434.6	1410	3210.67	9223.93	0.23	
19	C	1410	1401	26076.51	1401	7645.05	18431.46	0.46	
20	A	1400	1391	26821.45	1390	6301.79	20519.66	0.51	
21	U	1390	1382	24039.88	1382	8233.23	15806.65	0.4	
22	G	1381	1374	8176.25	1374	2754.83	5421.42	0.14	
23	G	1373	1365	9663.93	1365	2937.07	6726.86	0.17	
24	C	1365	1356	33805.42	1356	8432.75	25372.67	0.64	
25	U	1355	1347	14483.32	1347	3101.26	11382.06	0.29	
26	A	1348	1338	44584.21	1338	6931.0	37653.21	0.94	
27	A	1338	1329	34541.37	1329	4379.1	30162.27	0.76	
28	U	1328	1320	46447.51	1320	4744.22	41703.29	1.05	
29	C	1319	1310	42027.98	1311	11858.65	30169.33	0.76	
30	A	1310	1301	18680.59	1301	5194.33	13486.25	0.34	
31	C	1300	1291	12467.12	1291	5358.64	7108.48	0.18	
32	C	1291	1281	40428.98	1281	14886.62	25542.37	0.64	
33	A	1281	1272	5754.0	1272	1833.99	3920.01	0.1	
34	U	1271	1262	12774.59	1263	4135.61	8638.98	0.22	
35	G	1262	1254	39321.51	1255	15491.19	23830.33	0.6	
36	A	1254	1245	13570.05	1246	4178.66	9391.39	0.24	
37	U	1244	1236	13869.01	1236	5284.43	8584.58	0.22	
38	G	1236	1228	38042.09	1228	12083.97	25958.12	0.65	
39	C	1228	1219	9089.07	1219	3030.48	6058.59	0.15	
40	A	1219	1209	46527.13	1209	9344.1	37183.03	0.93	
41	A	1209	1199	34940.78	1200	6635.04	28305.75	0.71	
42	U	1198	1190	39381.44	1189	7498.86	31882.58	0.8	
43	C	1189	1179	36056.12	1179	11963.35	24092.76	0.6	
44	G	1179	1171	20828.77	1171	7119.42	13709.36	0.34	
45	G	1171	1163	43163.98	1163	19524.88	23639.09	0.59	
46	G	1163	1155	16209.03	1155	6784.27	9424.75	0.24	
47	U	1154	1146	35057.32	1147	8014.45	27042.87	0.68	
48	U	1146	1139	31403.97	1139	7932.07	23471.9	0.59	
49	G	1139	1131	7453.12	1131	2022.87	5430.25	0.14	
50	A	1130	1121	19915.5	1122	6284.56	13630.94	0.34	
51	A	1122	1113	15309.17	1113	3688.12	11621.05	0.29	
52	C	1113	1103	31375.92	1104	13175.08	18200.85	0.46	
53	A	1103	1094	32140.52	1094	8604.67	23535.85	0.59	
54	C	1094	1085	10457.13	1085	3269.66	7187.47	0.18	
55	U	1084	1076	41751.98	1077	7130.42	34621.56	0.87	
56	U	1076	1067	36527.99	1068	4597.54	31930.44	0.8	
57	A	1068	1058	93536.6	1058	16034.04	77502.57	1.94	
58	A	1058	1049	71405.31	1049	48160.85	23244.46	0.58	
59	U	1048	1039	31676.66	1040	9224.08	22452.58	0.56	
60	U	1039	1030	15657.59	1031	3551.8	12105.79	0.3	
61	G	1030	1022	16486.1	1023	4420.5	12065.61	0.3	
62	G	1023	1015	40274.25	1016	15182.46	25091.78	0.63	
63	G	1015	1007	27972.2	1008	22499.01	5473.19	0.14	
64	U	1007	1000	36627.1	1000	11700.52	24926.57	0.63	
65	U	999	991	72087.75	992	35899.17	36188.58	0.91	
66	A	991	982	51660.82	983	13966.52	37694.3	0.95	
67	A	983	973	15098.62	974	4304.39	10794.23	0.27	
68	A	974	963	37619.8	964	13410.29	24209.51	0.61	
69	A	964	953	37958.56	954	7134.05	30824.51	0.77	
70	C	954	944	35662.82	944	13924.98	21737.84	0.55	
71	G	943	936	27791.04	936	13216.38	14574.66	0.37	
72	G	935	927	39352.49	927	12382.26	26970.23	0.68	
73	U	927	918	17794.38	919	7032.4	10761.98	0.27	
74	G	919	910	13130.75	911	4427.82	8702.93	0.22	
75	G	911	902	4604.77	903	2535.27	2069.5	0.05	
76	G	903	895	11230.14	896	8920.5	2309.64	0.06	
77	G	896	888	17972.04	889	11722.39	6249.65	0.16	
78	G	889	881	33131.6	882	11994.59	21137.01	0.53	
79	A	881	872	50081.52	873	4421.11	45660.4	1.15	
80	C	873	863	43896.5	864	9751.31	34145.19	0.86	
81	G	863	856	65803.68	857	13902.58	51901.1	1.3	
82	A	856	847	72759.37	848	8845.99	63913.39	1.6	
83	U	847	839	52061.81	839	4108.99	47952.82	1.2	
84	C	838	829	19158.64	830	7358.42	11800.22	0.3	
85	C	830	820	23820.89	821	12488.94	11331.95	0.28	
86	C	820	811	51358.6	812	23524.8	27833.81	0.7	
87	G	811	804	22618.55	805	6599.1	16019.45	0.4	
88	U	804	796	37777.04	797	7467.06	30309.98	0.76	
89	A	797	788	55320.96	789	9954.24	45366.72	1.14	
90	A	788	780	40937.39	780	4778.69	36158.7	0.91	
91	C	780	771	34268.72	772	8378.64	25890.08	0.65	
92	A	771	762	58770.11	763	4675.64	54094.47	1.36	
93	U	762	754	19846.2	754	2366.23	17479.97	0.44	
94	C	754	745	17057.55	746	4732.05	12325.51	0.31	
95	C	745	736	23947.32	736	11096.82	12850.5	0.32	
96	G	736	729	27107.5	729	11527.86	15579.64	0.39	
97	U	728	721	13369.08	721	4384.46	8984.62	0.23	
98	C	721	712	21272.75	712	7087.46	14185.3	0.36	
99	C	712	704	23277.82	704	5887.08	17390.74	0.44	
100	U	703	696	32715.37	696	3870.38	28844.99	0.72	
101	A	695	687	80346.99	687	10520.38	69826.61	1.75	
102	A	686	678	55661.69	676	5667.09	49994.61	1.25	
103	C	677	669	27797.39	668	6765.79	21031.6	0.53	
104	G	667	661	32015.99	660	7485.05	24530.94	0.62	
105	G	660	654	33073.32	653	8215.66	24857.66	0.62	
106	C	653	645	28182.83	645	9209.33	18973.5	0.48	
107	G	644	638	24002.6	638	7590.27	16412.33	0.41	
108	A	637	628	25635.68	628	4556.14	21079.53	0.53	
109	C	628	620	34395.15	620	14475.61	19919.53	0.5	
110	A	619	611	41370.56	611	6449.65	34920.91	0.88	
111	G	610	604	27994.47	604	7754.88	20239.59	0.51	
112	A	604	595	14156.54	596	2662.11	11494.43	0.29	
113	C	595	587	34961.83	587	12909.44	22052.39	0.55	
114	U	586	579	16642.49	579	6160.8	10481.69	0.26	
115	G	578	572	24790.01	572	5058.29	19731.71	0.49	
116	C	572	563	26645.96	563	9875.49	16770.47	0.42	
117	A	563	553	24316.22	553	7495.85	16820.37	0.42	
118	C	553	544	25069.17	545	9912.34	15156.82	0.38	
119	G	544	538	31455.74	539	9812.59	21643.15	0.54	
120	G	538	531	15560.79	531	3144.67	12416.12	0.31	
121	C	530	522	15004.96	523	1997.35	13007.61	0.33	
122	C	522	513	27194.89	514	6006.08	21188.81	0.53	
123	C	514	505	23504.72	505	7728.04	15776.68	0.4	
124	U	504	497	20189.96	498	4305.02	15884.93	0.4	
125	G	497	490	7736.64	491	1749.69	5986.95	0.15	
126	C	490	481	16774.4	482	6168.65	10605.75	0.27	
127	C	482	473	47356.96	474	15877.9	31479.07	0.79	
128	U	473	465	41624.06	466	10392.54	31231.52	0.78	
129	C	465	457	34305.08	457	5463.38	28841.7	0.72	
130	U	456	448	50006.95	449	4731.03	45275.92	1.14	
131	U	448	440	94785.27	440	16686.2	78099.07	1.96	
132	A	440	431	34881.38	432	4160.16	30721.22	0.77	
133	G	431	424	20505.56	425	5038.81	15466.75	0.39	
134	G	424	417	24284.03	418	5783.5	18500.53	0.46	
135	U	417	409	7868.63	410	2340.71	5527.92	0.14	
136	G	409	403	4897.14	404	1886.81	3010.33	0.08	
137	U	403	396	10763.96	397	3308.56	7455.4	0.19	
138	G	396	389	5832.7	390	3535.08	2297.62	0.06	
139	U	389	382	17609.89	383	6206.8	11403.1	0.29	
140	U	382	374	20091.83	375	6804.59	13287.24	0.33	
141	C	375	366	9336.38	366	2773.71	6562.67	0.16	
142	A	366	358	28122.76	358	5318.0	22804.76	0.57	
143	A	358	349	39465.53	349	6332.59	33132.94	0.83	
144	U	348	343	61130.67	343	14718.17	46412.49	1.16	
145	G	343	337	12502.92	336	2873.42	9629.49	0.24	
146	A	336	328	31228.93	328	6795.74	24433.19	0.61	
147	A	328	319	27256.49	319	5804.38	21452.12	0.54	
148	C	319	311	29907.29	311	10297.84	19609.45	0.49	
149	A	311	303	26685.75	303	5611.13	21074.62	0.53	
150	G	302	296	24796.29	296	3827.65	20968.64	0.53	
151	U	295	289	21334.42	289	1567.46	19766.96	0.5	
152	C	289	281	64512.87	281	10881.86	53631.01	1.34	
153	G	281	274	5205.34	274	1069.33	4136.01	0.1	
154	U	274	267	13866.35	268	3810.98	10055.37	0.25	
155	U	267	260	6455.95	260	2967.91	3488.04	0.09	
156	C	260	251	21829.67	251	8916.29	12913.38	0.32	
157	C	251	244	38752.63	244	14213.89	24538.74	0.62	
158	G	243	237	5065.49	239	1944.28	3121.22	0.08	
159	A	235	227	52905.43	227	8227.72	44677.72	1.12	
160	A	227	218	50401.98	218	11400.59	39001.39	0.98	
161	A	218	211	21390.69	209	3.66	21387.02	0.54	
162	G	210	205	15860.81	205	4565.52	11295.29	0.28	
163	G	204	199	17254.35	199	7993.66	9260.69	0.23	
164	A	199	192	24430.04	191	10521.92	13908.11	0.35	
165	A	191	185	17504.69	183	10769.9	6734.79	0.17	
166	G	183	179	106153.09	178	58438.66	47714.43	1.2	
167	C	178	171	53508.86	171	16653.3	36855.56	0.92	
168	A	171	163	37046.48	163	7861.56	29184.92	0.73	
169	U	162	155	71808.71	155	71142.44	666.26	0.02	
170	C	155	147	24970.44	147	12836.14	12134.31	0.3	
171	C	147	139	42661.63	139	16180.85	26480.78	0.66	
172	G	138	130	13270.84	130	4252.96	9017.88	0.23	
173	G	128	123	28462.64	123	5260.27	23202.37	0.58	
174	U	123	115	36971.81	116	5545.65	31426.16	0.79	
175	A	114	108	27401.67	109	7628.73	19772.94	0.5	
176	U	108	100	11789.49	100	4941.55	6847.94	0.17	
177	C	100	92	4149.64	92	1456.11	2693.53	0.07	
178	C	93	84	23650.29	84	8235.88	15414.41	0.39	
179	C	84	76	39445.84	77	10254.49	29191.35	0.73	
180	A	77	69	24539.02	68	3829.04	20709.98	0.52	
181	A	68	64	30896.8	64	5252.83	25643.98	0.64	
182	G	65	57	31390.81	58	5913.52	25477.29	0.64	
183	A	58	50	39987.86	51	19485.43	20502.44	0.51	
184	C	50	43	38498.85	44	11536.29	26962.56	0.68	
185	A	44	35	37112.98	36	6061.61	31051.37	0.78	
186	A	35	29	38636.43	29	9015.58	29620.85	0.74	
187	U	29	22	26362.54	23	11630.81	14731.73	0.37	
