seqNum	seqRNA	posSeq	posRX	areaRX	posBG	areaBG	areaDiff	normDiff	
5	G	1876	1852	335678.16	1859	3980.57	331697.59	3.28	
6	G	1866	1841	83803.66	1849	3057.34	80746.32	0.8	
7	G	1854	1830	39541.16	1838	1314.73	38226.43	0.38	
8	U	1844	1820	39745.39	1829	6034.06	33711.32	0.33	
9	U	1833	1810	8804.13	1820	11876.12	-3071.99	-0.03	
10	G	1821	1801	28822.86	1809	8732.4	20090.46	0.2	
11	G	1812	1791	66354.12	1800	11803.74	54550.38	0.54	
12	G	1801	1778	150958.74	1791	17570.27	133388.47	1.32	
13	A	1791	1768	109522.8	1781	12247.61	97275.19	0.96	
14	A	1780	1757	27044.05	1769	4993.23	22050.82	0.22	
15	G	1767	1746	59483.95	1757	1613.19	57870.76	0.57	
16	U	1757	1736	13708.29	1748	9521.4	4186.89	0.04	
17	A	1747	1725	4657.41	1736	1958.49	2698.92	0.03	
18	U	1732	1717	4268.53	1723	1121.03	3147.5	0.03	
19	C	1721	1712	20415.03	1713	5368.41	15046.62	0.15	
20	A	1708	1701	13409.96	1701	1850.36	11559.6	0.11	
21	U	1695	1690	18812.97	1690	3872.0	14940.98	0.15	
22	G	1683	1679	9822.77	1680	1180.5	8642.27	0.09	
23	G	1672	1666	9901.08	1669	992.03	8909.05	0.09	
24	C	1662	1657	27047.72	1658	5821.66	21226.06	0.21	
25	U	1649	1646	34545.53	1647	6847.72	27697.81	0.27	
26	A	1638	1634	81588.24	1635	4916.55	76671.7	0.76	
27	A	1627	1621	60867.53	1622	3085.8	57781.73	0.57	
28	U	1614	1609	99724.66	1609	3144.07	96580.59	0.96	
29	C	1603	1596	63668.21	1597	8231.07	55437.14	0.55	
30	A	1593	1586	10997.51	1585	1854.04	9143.47	0.09	
31	C	1582	1572	36597.98	1572	2465.6	34132.39	0.34	
32	C	1570	1559	26141.2	1561	7297.97	18843.23	0.19	
33	A	1559	1551	4545.59	1549	312.91	4232.68	0.04	
34	U	1546	1537	13600.21	1537	2568.74	11031.46	0.11	
35	G	1535	1528	27255.5	1528	4205.15	23050.35	0.23	
36	A	1527	1517	13814.79	1516	1669.77	12145.02	0.12	
37	U	1515	1506	11451.55	1505	2640.98	8810.57	0.09	
38	G	1503	1496	10849.4	1496	7887.85	2961.55	0.03	
39	C	1494	1484	24733.17	1485	14524.28	10208.89	0.1	
40	A	1482	1473	63405.36	1473	5684.38	57720.98	0.57	
41	A	1471	1461	55319.63	1460	5003.37	50316.25	0.5	
42	U	1458	1449	49798.01	1449	25011.14	24786.88	0.25	
43	C	1448	1436	42303.06	1436	8730.9	33572.16	0.33	
44	G	1435	1425	16351.42	1423	2123.81	14227.62	0.14	
45	G	1425	1416	40049.94	1416	15570.48	24479.45	0.24	
46	G	1416	1406	35348.88	1406	19869.86	15479.02	0.15	
47	U	1406	1396	44096.03	1396	4125.63	39970.4	0.4	
48	U	1395	1387	39759.64	1386	4228.3	35531.33	0.35	
49	G	1386	1377	12781.92	1377	2065.33	10716.59	0.11	
50	A	1376	1367	18720.03	1365	3635.5	15084.54	0.15	
51	A	1366	1356	19267.4	1353	9500.08	9767.32	0.1	
52	C	1354	1345	48023.56	1345	113102.17	-65078.61	-0.64	
53	A	1344	1334	29208.32	1333	12249.08	16959.24	0.17	
54	C	1333	1322	24458.23	1321	7713.03	16745.2	0.17	
55	U	1321	1312	66427.75	1312	25096.06	41331.69	0.41	
56	U	1311	1302	84639.92	1302	121631.68	-36991.76	-0.37	
57	A	1301	1290	143816.37	1290	15019.21	128797.16	1.27	
58	A	1290	1279	76977.07	1279	43167.02	33810.05	0.33	
59	U	1278	1269	71999.87	1268	25097.1	46902.77	0.46	
60	U	1268	1257	35629.45	1257	3815.72	31813.74	0.31	
61	G	1257	1247	30966.71	1243	1992.91	28973.8	0.29	
62	G	1248	1238	62782.45	1236	8529.57	54252.89	0.54	
63	G	1238	1229	103036.7	1227	30488.37	72548.33	0.72	
64	U	1229	1220	60639.74	1219	47376.49	13263.25	0.13	
65	U	1219	1210	113962.33	1210	98973.5	14988.83	0.15	
66	A	1210	1199	169917.84	1199	26881.44	143036.4	1.41	
67	A	1200	1188	31741.79	1188	4144.34	27597.45	0.27	
68	A	1189	1177	52882.29	1177	3669.46	49212.83	0.49	
69	A	1177	1165	61633.37	1162	2048.55	59584.81	0.59	
70	C	1165	1153	62240.43	1153	16069.19	46171.24	0.46	
71	G	1153	1143	22395.85	1143	2981.79	19414.05	0.19	
72	G	1143	1134	47792.19	1133	3885.66	43906.52	0.43	
73	U	1134	1123	20398.98	1123	1379.84	19019.14	0.19	
74	G	1123	1114	10591.78	1113	681.32	9910.45	0.1	
75	G	1113	1105	6622.28	1104	1708.63	4913.65	0.05	
76	G	1105	1096	48240.88	1096	9250.27	38990.61	0.39	
77	G	1096	1087	48448.79	1087	9211.72	39237.07	0.39	
78	G	1087	1079	60925.25	1079	5181.76	55743.49	0.55	
79	A	1079	1068	117868.11	1067	1536.08	116332.02	1.15	
80	C	1068	1057	79765.66	1057	11425.47	68340.19	0.68	
81	G	1057	1049	92019.63	1049	4588.55	87431.09	0.86	
82	A	1049	1038	118424.12	1038	3631.91	114792.22	1.14	
83	U	1038	1029	104532.14	1027	4544.33	99987.81	0.99	
84	C	1028	1018	42845.61	1017	19212.96	23632.65	0.23	
85	C	1018	1007	56652.55	1007	24595.83	32056.71	0.32	
86	C	1007	996	245003.33	996	72737.28	172266.04	1.7	
87	G	997	987	46903.13	987	9102.29	37800.84	0.37	
88	U	987	979	63913.26	979	32439.9	31473.36	0.31	
89	A	979	969	95826.7	969	5117.68	90709.03	0.9	
90	A	969	959	82577.08	958	3269.73	79307.35	0.78	
91	C	960	948	45801.01	949	39689.04	6111.97	0.06	
92	A	949	938	131573.87	938	5074.56	126499.31	1.25	
93	U	938	928	57009.65	928	3235.36	53774.29	0.53	
94	C	930	918	21036.56	918	3066.5	17970.06	0.18	
95	C	919	907	29941.06	907	6024.63	23916.43	0.24	
96	G	908	899	22826.63	899	3918.99	18907.64	0.19	
97	U	899	890	17568.17	890	1817.57	15750.6	0.16	
98	C	890	880	18088.55	879	5901.06	12187.49	0.12	
99	C	880	869	41882.95	870	11716.16	30166.79	0.3	
100	U	869	860	91458.26	860	43381.29	48076.98	0.48	
101	A	860	850	146358.98	850	5646.47	140712.51	1.39	
102	A	850	840	114447.49	838	2390.35	112057.15	1.11	
103	C	839	828	66865.79	828	11221.94	55643.85	0.55	
104	G	827	820	55152.38	819	2839.57	52312.81	0.52	
105	G	819	812	52870.14	811	3557.2	49312.94	0.49	
106	C	810	801	54355.77	801	10583.5	43772.27	0.43	
107	G	800	793	29790.51	792	5367.28	24423.24	0.24	
108	A	791	782	46496.43	781	7611.07	38885.36	0.38	
109	C	781	772	44424.46	772	111984.56	-67560.1	-0.67	
110	A	771	762	82721.68	762	13631.41	69090.27	0.68	
111	G	761	754	48682.73	753	3840.1	44842.63	0.44	
112	A	753	743	21041.95	742	1115.18	19926.77	0.2	
113	C	742	733	45820.03	732	13277.14	32542.89	0.32	
114	U	732	724	37662.07	723	7398.42	30263.65	0.3	
115	G	722	716	44934.38	714	9011.71	35922.67	0.36	
116	C	715	706	44657.34	705	112209.64	-67552.3	-0.67	
117	A	705	695	42141.85	696	18861.86	23279.99	0.23	
118	C	695	685	82243.18	685	22875.85	59367.33	0.59	
119	G	684	677	36499.5	677	4066.05	32433.44	0.32	
120	G	676	669	31883.52	670	1540.13	30343.39	0.3	
121	C	668	659	4999.66	660	1136.54	3863.12	0.04	
122	C	658	648	12142.88	648	3979.8	8163.08	0.08	
123	C	648	638	23764.9	638	6046.47	17718.43	0.18	
124	U	637	629	11955.72	628	2588.87	9366.85	0.09	
125	G	628	621	5444.82	619	1129.34	4315.48	0.04	
126	C	620	610	43604.4	610	13973.07	29631.34	0.29	
127	C	610	600	219188.34	600	56847.37	162340.98	1.61	
128	U	600	591	68474.55	590	9085.78	59388.77	0.59	
129	C	590	580	56689.45	580	4357.14	52332.31	0.52	
130	U	580	570	92286.15	570	5991.84	86294.31	0.85	
131	U	570	560	140793.35	560	60718.68	80074.67	0.79	
132	A	560	549	54141.59	550	6944.75	47196.83	0.47	
133	G	550	540	13581.8	541	1783.98	11797.82	0.12	
134	G	541	533	35406.37	533	1605.01	33801.36	0.33	
135	U	533	523	3488.26	524	964.74	2523.52	0.02	
136	G	525	515	2334.65	516	589.84	1744.82	0.02	
137	U	517	508	10699.19	508	1384.8	9314.39	0.09	
138	G	509	500	12590.96	500	1973.08	10617.88	0.11	
139	U	501	491	20521.09	492	1720.09	18801.0	0.19	
140	U	492	483	18964.02	483	3111.22	15852.8	0.16	
141	C	484	473	16336.62	473	3475.97	12860.64	0.13	
142	A	474	463	39897.14	464	1649.67	38247.46	0.38	
143	A	465	454	57962.04	454	2910.07	55051.97	0.54	
144	U	454	446	74246.58	446	4507.68	69738.89	0.69	
145	G	446	439	49337.32	438	1997.05	47340.27	0.47	
146	A	439	429	75658.71	429	3249.43	72409.28	0.72	
147	A	430	419	71973.94	420	3971.3	68002.65	0.67	
148	C	420	410	56438.62	410	39698.51	16740.11	0.17	
149	A	410	400	71824.47	401	4937.49	66886.98	0.66	
150	G	400	393	65527.11	393	2439.44	63087.67	0.62	
151	U	392	385	78879.82	385	8860.15	70019.68	0.69	
152	C	384	375	127635.96	375	6474.94	121161.03	1.2	
153	G	374	367	50191.58	367	881.9	49309.68	0.49	
154	U	366	359	31360.75	359	1729.64	29631.12	0.29	
155	U	358	350	11792.84	351	853.88	10938.96	0.11	
156	C	349	340	11104.79	341	3136.96	7967.83	0.08	
157	C	340	331	22336.17	331	4722.41	17613.76	0.17	
158	G	330	322	19063.17	322	5219.45	13843.72	0.14	
159	A	322	313	160342.77	313	33629.06	126713.71	1.25	
160	A	312	303	91299.06	304	5022.33	86276.73	0.85	
161	A	303	293	88773.52	296	263.61	88509.91	0.88	
162	G	293	285	14720.03	290	32.85	14687.18	0.15	
163	G	287	280	18585.66	282	1775.56	16810.1	0.17	
164	A	281	272	29909.68	273	3843.41	26066.27	0.26	
165	A	272	265	24822.83	266	985.22	23837.61	0.24	
166	G	264	258	128070.8	258	32368.96	95701.85	0.95	
167	C	257	249	77788.48	249	71516.07	6272.41	0.06	
168	A	248	240	66390.55	240	8843.48	57547.07	0.57	
169	U	238	231	159230.28	231	55491.41	103738.87	1.03	
170	C	230	221	36018.36	222	9791.8	26226.57	0.26	
171	C	220	211	54731.83	212	9975.59	44756.25	0.44	
172	G	210	200	33823.52	205	3293.34	30530.18	0.3	
173	G	203	202	30551.11	198	9052.38	21498.73	0.21	
174	U	199	194	78581.0	193	32948.21	45632.8	0.45	
175	A	192	185	95318.68	185	6256.78	89061.9	0.88	
176	U	183	177	57041.43	178	3686.73	53354.7	0.53	
177	C	176	167	18518.58	168	3489.96	15028.63	0.15	
178	C	165	160	4579.19	159	1122.78	3456.42	0.03	
179	C	157	149	17607.65	149	6786.19	10821.47	0.11	
180	A	146	140	22458.98	140	3930.78	18528.2	0.18	
181	A	137	133	33735.83	131	3266.65	30469.18	0.3	
182	G	128	126	146502.21	124	1255.59	145246.61	1.44	
183	A	123	117	31694.17	118	891.27	30802.9	0.3	
184	C	115	108	39664.41	108	16269.35	23395.06	0.23	
185	A	106	100	23778.94	99	2302.49	21476.44	0.21	
186	A	99	93	36316.19	93	2958.18	33358.01	0.33	
187	U	91	86	66543.81	85	7772.79	58771.02	0.58	
