seqNum	seqRNA	posSeq	posRX	areaRX	posBG	areaBG	areaDiff	normDiff	
5	G	1876	1847	6240.03	1856	1310.99	4929.04	0.93	
6	G	1866	1835	1255.86	1845	1983.54	-727.68	-0.14	
7	G	1854	1830	1579.87	1833	1622.65	-42.77	-0.01	
8	U	1844	1821	4821.81	1821	2973.03	1848.78	0.35	
9	U	1833	1811	3790.48	1810	3929.75	-139.27	-0.03	
10	G	1821	1803	1429.25	1804	3400.7	-1971.45	-0.37	
11	G	1812	1794	2794.62	1795	1789.74	1004.88	0.19	
12	G	1801	1784	2837.13	1784	1067.92	1769.21	0.34	
13	A	1791	1770	4387.81	1773	1232.58	3155.22	0.6	
14	A	1780	1761	3857.82	1763	1048.89	2808.92	0.53	
15	G	1767	1745	1947.61	1754	684.32	1263.29	0.24	
16	U	1757	1736	2176.94	1744	915.64	1261.3	0.24	
17	A	1747	1723	2027.2	1734	574.37	1452.83	0.28	
18	U	1732	1712	1090.93	1723	363.22	727.71	0.14	
19	C	1721	1708	960.79	1713	939.19	21.6	0.0	
20	A	1708	1700	4529.36	1700	609.01	3920.35	0.74	
21	U	1695	1688	3768.17	1688	969.23	2798.94	0.53	
22	G	1683	1675	1851.63	1677	286.56	1565.07	0.3	
23	G	1672	1666	1027.51	1667	332.33	695.17	0.13	
24	C	1662	1653	3211.82	1655	1184.82	2027.0	0.38	
25	U	1649	1643	3049.99	1644	594.78	2455.21	0.47	
26	A	1638	1631	4330.83	1632	1175.36	3155.47	0.6	
27	A	1627	1618	3492.06	1620	698.38	2793.69	0.53	
28	U	1614	1607	4330.16	1609	611.56	3718.6	0.71	
29	C	1603	1594	3062.72	1597	1643.25	1419.47	0.27	
30	A	1593	1583	1513.25	1584	558.07	955.17	0.18	
31	C	1582	1570	1527.85	1573	524.76	1003.09	0.19	
32	C	1570	1559	3062.09	1561	1372.86	1689.22	0.32	
33	A	1559	1549	2544.11	1550	172.09	2372.02	0.45	
34	U	1546	1536	2020.41	1538	601.45	1418.96	0.27	
35	G	1535	1528	3174.88	1528	1121.23	2053.65	0.39	
36	A	1527	1516	655.63	1516	453.53	202.11	0.04	
37	U	1515	1511	1098.0	1506	551.63	546.37	0.1	
38	G	1503	1496	3295.73	1496	1195.35	2100.38	0.4	
39	C	1494	1483	3802.08	1484	922.09	2879.99	0.55	
40	A	1482	1473	6378.93	1473	1430.61	4948.32	0.94	
41	A	1471	1460	5229.76	1460	784.83	4444.94	0.84	
42	U	1458	1448	3962.67	1448	798.65	3164.02	0.6	
43	C	1448	1436	4865.4	1435	2376.92	2488.48	0.47	
44	G	1435	1425	1334.34	1425	744.6	589.74	0.11	
45	G	1425	1417	3342.29	1416	3850.53	-508.24	-0.1	
46	G	1416	1408	4531.78	1406	2706.19	1825.6	0.35	
47	U	1406	1394	6295.38	1396	1144.34	5151.04	0.98	
48	U	1395	1387	7019.26	1386	1030.98	5988.28	1.14	
49	G	1386	1377	6478.57	1377	536.68	5941.89	1.13	
50	A	1376	1366	1815.81	1366	697.29	1118.52	0.21	
51	A	1366	1355	6980.93	1355	650.9	6330.03	1.2	
52	C	1354	1346	8037.32	1345	2761.77	5275.55	1.0	
53	A	1344	1330	14943.25	1333	1085.3	13857.95	2.63	
54	C	1333	1322	55557.93	1322	595.48	54962.45	10.42	
55	U	1321	1314	15424.36	1312	786.05	14638.31	2.78	
56	U	1311	1303	5261.29	1302	712.98	4548.31	0.86	
57	A	1301	1290	5713.88	1290	1637.36	4076.52	0.77	
58	A	1290	1279	4984.73	1279	10798.14	-5813.41	-1.1	
59	U	1278	1268	4770.69	1268	2643.85	2126.84	0.4	
60	U	1268	1257	1600.22	1258	483.85	1116.37	0.21	
61	G	1257	1247	1354.91	1248	678.08	676.83	0.13	
62	G	1248	1239	3971.49	1239	3552.66	418.83	0.08	
63	G	1238	1229	9696.84	1230	14529.62	-4832.78	-0.92	
64	U	1229	1220	3372.31	1220	2346.92	1025.39	0.19	
65	U	1219	1210	6287.49	1210	4364.01	1923.48	0.36	
66	A	1210	1199	5979.64	1200	2699.85	3279.79	0.62	
67	A	1200	1189	1760.53	1189	696.09	1064.44	0.2	
68	A	1189	1177	2599.4	1177	1114.53	1484.87	0.28	
69	A	1177	1165	3078.41	1165	647.96	2430.45	0.46	
70	C	1165	1153	4340.62	1153	2130.59	2210.04	0.42	
71	G	1153	1145	2496.15	1144	653.75	1842.4	0.35	
72	G	1143	1133	3106.67	1134	864.85	2241.83	0.43	
73	U	1134	1124	1143.0	1123	312.57	830.43	0.16	
74	G	1123	1114	945.24	1114	353.24	591.99	0.11	
75	G	1113	1105	1836.66	1105	534.2	1302.46	0.25	
76	G	1105	1097	8215.29	1096	3760.61	4454.68	0.84	
77	G	1096	1088	7769.95	1088	3051.86	4718.09	0.89	
78	G	1087	1079	7951.96	1079	2664.21	5287.75	1.0	
79	A	1079	1069	10332.61	1068	675.48	9657.13	1.83	
80	C	1068	1058	8030.03	1057	1751.43	6278.6	1.19	
81	G	1057	1049	2822.6	1049	1273.15	1549.45	0.29	
82	A	1049	1038	4702.56	1038	1109.61	3592.96	0.68	
83	U	1038	1029	6858.65	1028	615.78	6242.88	1.18	
84	C	1028	1018	1857.9	1017	2466.49	-608.59	-0.12	
85	C	1018	1007	4518.44	1007	3553.02	965.41	0.18	
86	C	1007	996	22862.07	996	9333.92	13528.14	2.56	
87	G	997	988	2713.02	987	1078.92	1634.1	0.31	
88	U	987	979	2086.32	979	669.08	1417.24	0.27	
89	A	979	970	3818.32	969	758.71	3059.61	0.58	
90	A	969	960	3004.28	959	584.68	2419.59	0.46	
91	C	960	950	4609.31	950	1017.86	3591.45	0.68	
92	A	949	940	19068.07	937	1935.17	17132.9	3.25	
93	U	938	931	4779.64	927	130.74	4648.9	0.88	
94	C	930	921	1687.26	919	510.4	1176.86	0.22	
95	C	919	909	2795.39	908	1829.84	965.55	0.18	
96	G	908	901	3339.3	900	1018.11	2321.19	0.44	
97	U	899	892	1227.42	891	341.67	885.75	0.17	
98	C	890	880	1315.69	880	631.94	683.75	0.13	
99	C	880	870	2178.95	870	603.67	1575.29	0.3	
100	U	869	861	2575.83	861	484.31	2091.52	0.4	
101	A	860	851	4693.4	850	749.04	3944.36	0.75	
102	A	850	840	3638.39	839	582.73	3055.66	0.58	
103	C	839	828	3087.84	828	1410.35	1677.49	0.32	
104	G	827	820	2492.96	820	506.78	1986.17	0.38	
105	G	819	811	2407.78	812	765.57	1642.22	0.31	
106	C	810	800	3725.68	801	1776.18	1949.5	0.37	
107	G	800	790	2068.34	792	799.24	1269.1	0.24	
108	A	791	781	3024.28	782	512.1	2512.17	0.48	
109	C	781	770	3878.23	771	1739.53	2138.7	0.41	
110	A	771	760	7789.14	761	778.16	7010.97	1.33	
111	G	761	752	2156.92	753	681.04	1475.88	0.28	
112	A	753	740	898.22	743	237.75	660.47	0.13	
113	C	742	731	4798.06	732	1932.75	2865.31	0.54	
114	U	732	722	1908.86	723	571.17	1337.69	0.25	
115	G	722	714	2573.6	715	483.87	2089.73	0.4	
116	C	715	704	2993.1	705	1191.87	1801.24	0.34	
117	A	705	694	2377.54	695	836.78	1540.76	0.29	
118	C	695	685	6611.16	686	3251.71	3359.44	0.64	
119	G	684	678	2470.95	679	843.77	1627.19	0.31	
120	G	676	671	1503.57	671	291.86	1211.7	0.23	
121	C	668	663	1471.72	659	261.45	1210.28	0.23	
122	C	658	651	1828.37	648	1247.88	580.49	0.11	
123	C	648	639	4227.22	638	1557.45	2669.77	0.51	
124	U	637	630	2377.74	629	602.64	1775.1	0.34	
125	G	628	621	834.03	620	340.4	493.63	0.09	
126	C	620	610	4720.24	610	3228.0	1492.24	0.28	
127	C	610	600	24376.92	600	14899.29	9477.64	1.8	
128	U	600	590	7889.19	590	1992.45	5896.73	1.12	
129	C	590	580	8182.47	580	537.28	7645.19	1.45	
130	U	580	570	13166.23	570	396.68	12769.55	2.42	
131	U	570	560	22380.63	560	1121.42	21259.21	4.03	
132	A	560	549	8568.82	549	399.12	8169.7	1.55	
133	G	550	541	1490.64	541	255.79	1234.85	0.23	
134	G	541	532	2451.29	533	292.54	2158.75	0.41	
135	U	533	524	658.14	524	210.34	447.79	0.08	
136	G	525	515	1445.33	517	184.24	1261.1	0.24	
137	U	517	507	660.97	508	329.73	331.24	0.06	
138	G	509	499	1430.74	501	334.32	1096.43	0.21	
139	U	501	491	1966.87	493	375.83	1591.04	0.3	
140	U	492	483	1316.35	484	487.81	828.54	0.16	
141	C	484	474	1303.83	474	390.58	913.25	0.17	
142	A	474	464	2779.6	465	393.62	2385.97	0.45	
143	A	465	454	5276.48	455	512.15	4764.34	0.9	
144	U	454	446	5938.76	448	936.47	5002.29	0.95	
145	G	446	439	1976.4	440	491.05	1485.35	0.28	
146	A	439	430	4218.74	431	765.69	3453.05	0.65	
147	A	430	420	2886.49	421	575.37	2311.12	0.44	
148	C	420	410	2364.67	411	828.66	1536.01	0.29	
149	A	410	400	2212.06	401	405.97	1806.1	0.34	
150	G	400	392	2270.21	393	303.8	1966.41	0.37	
151	U	392	385	1334.14	385	147.44	1186.69	0.22	
152	C	384	375	4308.91	375	1163.94	3144.97	0.6	
153	G	374	368	456.56	368	103.95	352.62	0.07	
154	U	366	359	2106.38	359	300.96	1805.42	0.34	
155	U	358	349	1131.4	350	165.76	965.64	0.18	
156	C	349	340	2034.0	340	1078.03	955.97	0.18	
157	C	340	331	2534.86	330	1026.08	1508.78	0.29	
158	G	330	322	970.52	321	872.85	97.67	0.02	
159	A	322	312	8279.73	312	6714.65	1565.08	0.3	
160	A	312	302	4242.23	303	982.48	3259.75	0.62	
161	A	303	293	5265.65	291	0.86	5264.79	1.0	
162	G	293	285	693.97	289	94.21	599.76	0.11	
163	G	287	280	1562.39	282	459.66	1102.73	0.21	
164	A	281	272	2916.13	273	817.05	2099.08	0.4	
165	A	272	267	115.07	265	552.36	-437.29	-0.08	
166	G	264	258	10755.65	258	9820.49	935.16	0.18	
167	C	257	249	6435.02	249	2089.48	4345.54	0.82	
168	A	248	241	2338.23	241	1344.4	993.82	0.19	
169	U	238	231	23136.54	232	29104.23	-5967.69	-1.13	
170	C	230	221	3695.64	223	3325.14	370.49	0.07	
171	C	220	212	6484.63	212	1537.26	4947.38	0.94	
172	G	210	205	2145.04	203	538.77	1606.27	0.3	
173	G	203	200	3368.11	197	236.25	3131.86	0.59	
174	U	199	195	5086.93	193	241.37	4845.56	0.92	
175	A	192	186	7544.68	186	687.34	6857.34	1.3	
176	U	183	178	5260.57	178	582.67	4677.91	0.89	
177	C	176	166	4781.45	168	651.92	4129.53	0.78	
178	C	165	159	609.02	159	130.63	478.39	0.09	
179	C	157	149	1763.94	149	890.43	873.5	0.17	
180	A	146	139	3205.0	140	951.94	2253.07	0.43	
181	A	137	130	5520.05	131	739.41	4780.64	0.91	
182	G	128	124	4018.56	125	503.2	3515.36	0.67	
183	A	123	116	4112.28	118	417.12	3695.16	0.7	
184	C	115	108	5079.8	109	2302.35	2777.45	0.53	
185	A	106	99	2402.89	101	1240.39	1162.5	0.22	
186	A	99	90	4908.47	90	672.37	4236.1	0.8	
187	U	91	82	7370.16	82	2700.28	4669.88	0.89	
