seqNum	seqRNA	posSeq	posRX	areaRX	posBG	areaBG	areaDiff	normDiff	
5	G	1876	1849	79857.11	1858	6174.09	73683.03	1.85	
6	G	1866	1839	38887.02	1849	5372.43	33514.59	0.84	
7	G	1854	1829	29597.85	1839	1657.89	27939.96	0.7	
8	U	1844	1819	29298.4	1829	5457.55	23840.85	0.6	
9	U	1833	1810	25131.47	1820	5803.65	19327.82	0.49	
10	G	1821	1802	35500.27	1810	5500.72	29999.55	0.75	
11	G	1812	1794	36638.5	1803	8591.86	28046.64	0.7	
12	G	1801	1784	29937.02	1794	10208.81	19728.21	0.5	
13	A	1791	1771	37020.4	1784	8464.45	28555.95	0.72	
14	A	1780	1760	5917.57	1772	4033.14	1884.43	0.05	
15	G	1767	1749	8961.94	1760	2769.63	6192.31	0.16	
16	U	1757	1736	6769.79	1749	4243.04	2526.75	0.06	
17	A	1747	1725	5074.01	1737	2551.55	2522.46	0.06	
18	U	1732	1719	1233.63	1725	1484.01	-250.39	-0.01	
19	C	1721	1711	9716.01	1712	4366.83	5349.17	0.13	
20	A	1708	1697	8084.77	1699	3265.49	4819.28	0.12	
21	U	1695	1687	16149.08	1687	4292.83	11856.25	0.3	
22	G	1683	1677	7086.64	1677	18882.54	-11795.9	-0.3	
23	G	1672	1666	3747.94	1666	1064.46	2683.48	0.07	
24	C	1662	1654	15585.79	1654	6126.98	9458.81	0.24	
25	U	1649	1644	17446.03	1643	2424.82	15021.21	0.38	
26	A	1638	1632	29606.22	1632	4856.88	24749.34	0.62	
27	A	1627	1620	21164.17	1620	2709.44	18454.74	0.46	
28	U	1614	1609	47123.9	1609	3204.11	43919.78	1.1	
29	C	1603	1597	36740.04	1597	7515.96	29224.08	0.73	
30	A	1593	1585	9705.2	1585	2966.72	6738.48	0.17	
31	C	1582	1573	6066.64	1573	2195.25	3871.38	0.1	
32	C	1570	1561	12557.32	1561	8171.84	4385.47	0.11	
33	A	1559	1549	3605.23	1549	1779.14	1826.09	0.05	
34	U	1546	1538	6994.37	1538	3722.98	3271.39	0.08	
35	G	1535	1528	12287.02	1528	8756.65	3530.37	0.09	
36	A	1527	1516	9869.51	1516	3328.3	6541.21	0.16	
37	U	1515	1506	5017.63	1505	3845.27	1172.36	0.03	
38	G	1503	1496	8601.23	1495	6765.05	1836.18	0.05	
39	C	1494	1484	19099.3	1484	5278.16	13821.15	0.35	
40	A	1482	1473	30593.81	1472	6976.82	23616.98	0.59	
41	A	1471	1460	26733.69	1460	5056.22	21677.48	0.54	
42	U	1458	1449	19791.74	1448	2996.73	16795.01	0.42	
43	C	1448	1436	33514.73	1435	9156.2	24358.53	0.61	
44	G	1435	1425	10469.74	1425	4276.09	6193.65	0.16	
45	G	1425	1416	30172.33	1416	11328.76	18843.56	0.47	
46	G	1416	1406	49507.55	1406	10057.09	39450.46	0.99	
47	U	1406	1396	22624.58	1396	4472.42	18152.16	0.46	
48	U	1395	1386	19251.59	1387	4750.84	14500.75	0.36	
49	G	1386	1377	11331.13	1377	2740.08	8591.05	0.22	
50	A	1376	1366	15101.89	1366	3984.97	11116.92	0.28	
51	A	1366	1355	14039.12	1355	3452.13	10587.0	0.27	
52	C	1354	1344	42108.86	1344	12229.06	29879.79	0.75	
53	A	1344	1333	13621.43	1333	4785.8	8835.62	0.22	
54	C	1333	1322	9588.91	1322	4080.66	5508.24	0.14	
55	U	1321	1311	17444.96	1312	4932.73	12512.23	0.31	
56	U	1311	1301	25878.89	1302	4100.58	21778.31	0.55	
57	A	1301	1290	35079.55	1290	6951.64	28127.91	0.71	
58	A	1290	1278	37915.49	1279	28641.9	9273.59	0.23	
59	U	1278	1268	46439.01	1268	9603.37	36835.64	0.93	
60	U	1268	1257	18856.52	1257	3210.68	15645.84	0.39	
61	G	1257	1247	9438.61	1248	3525.86	5912.75	0.15	
62	G	1248	1238	33388.37	1239	8283.69	25104.69	0.63	
63	G	1238	1229	136781.22	1230	19272.74	117508.47	2.95	
64	U	1229	1219	30911.46	1221	6051.94	24859.52	0.62	
65	U	1219	1210	45676.9	1211	13058.61	32618.29	0.82	
66	A	1210	1200	69363.54	1200	10561.59	58801.96	1.48	
67	A	1200	1189	20907.69	1189	3173.73	17733.96	0.45	
68	A	1189	1177	20850.05	1178	4438.25	16411.8	0.41	
69	A	1177	1166	25876.89	1165	2594.11	23282.78	0.59	
70	C	1165	1153	30343.01	1154	11352.95	18990.06	0.48	
71	G	1153	1144	8783.12	1144	4137.41	4645.71	0.12	
72	G	1143	1134	14917.63	1134	4010.81	10906.81	0.27	
73	U	1134	1123	7307.11	1124	2035.59	5271.52	0.13	
74	G	1123	1114	4444.07	1114	2565.08	1879.0	0.05	
75	G	1113	1105	7458.69	1105	3228.0	4230.7	0.11	
76	G	1105	1096	40292.98	1097	15603.16	24689.82	0.62	
77	G	1096	1088	35514.76	1088	25334.27	10180.49	0.26	
78	G	1087	1079	49180.7	1079	13660.08	35520.61	0.89	
79	A	1079	1069	146686.44	1069	3741.13	142945.3	3.59	
80	C	1068	1057	119530.66	1058	5758.89	113771.77	2.86	
81	G	1057	1049	30399.91	1049	4499.19	25900.71	0.65	
82	A	1049	1038	42316.97	1038	3872.43	38444.54	0.97	
83	U	1038	1028	101680.28	1028	1922.39	99757.89	2.51	
84	C	1028	1017	39266.79	1017	5305.12	33961.67	0.85	
85	C	1018	1006	54921.9	1007	10536.18	44385.72	1.12	
86	C	1007	996	256760.96	996	53172.62	203588.34	5.12	
87	G	997	987	27652.58	987	5791.4	21861.18	0.55	
88	U	987	978	21435.39	979	3504.7	17930.69	0.45	
89	A	979	969	24025.59	969	3607.99	20417.61	0.51	
90	A	969	959	19273.51	959	2164.35	17109.16	0.43	
91	C	960	948	25809.52	949	4662.73	21146.79	0.53	
92	A	949	938	214135.05	938	3100.7	211034.35	5.3	
93	U	938	928	59647.53	929	1353.61	58293.92	1.47	
94	C	930	918	9967.44	919	2171.52	7795.91	0.2	
95	C	919	908	18838.08	908	5887.05	12951.04	0.33	
96	G	908	899	14652.13	899	4769.13	9883.0	0.25	
97	U	899	890	8076.87	891	1372.65	6704.23	0.17	
98	C	890	880	8335.16	880	2242.97	6092.19	0.15	
99	C	880	870	12890.3	870	2705.0	10185.3	0.26	
100	U	869	861	25131.55	860	2415.61	22715.94	0.57	
101	A	860	850	32954.31	850	3359.62	29594.69	0.74	
102	A	850	840	21574.77	839	1401.83	20172.94	0.51	
103	C	839	828	20146.88	828	4216.21	15930.67	0.4	
104	G	827	820	12758.0	819	2719.79	10038.21	0.25	
105	G	819	812	13083.12	811	2797.68	10285.44	0.26	
106	C	810	801	24294.05	801	7345.38	16948.67	0.43	
107	G	800	793	13136.75	792	3887.06	9249.7	0.23	
108	A	791	782	17825.44	783	2998.35	14827.09	0.37	
109	C	781	772	23957.41	772	6264.25	17693.17	0.44	
110	A	771	762	69406.75	762	2478.63	66928.13	1.68	
111	G	761	754	14298.01	754	3043.56	11254.45	0.28	
112	A	753	743	5572.74	743	1270.6	4302.15	0.11	
113	C	742	733	29470.97	733	5351.29	24119.68	0.61	
114	U	732	724	15049.7	724	2115.44	12934.27	0.33	
115	G	722	716	13946.39	716	1639.45	12306.94	0.31	
116	C	715	706	18971.92	706	4048.77	14923.15	0.38	
117	A	705	696	16129.07	695	2298.97	13830.1	0.35	
118	C	695	685	53967.93	685	9100.6	44867.34	1.13	
119	G	684	677	13311.93	678	2941.7	10370.23	0.26	
120	G	676	669	8484.42	669	1184.5	7299.92	0.18	
121	C	668	659	2651.66	660	1780.01	871.65	0.02	
122	C	658	648	9705.44	648	3360.18	6345.26	0.16	
123	C	648	638	17375.31	638	5569.4	11805.91	0.3	
124	U	637	628	5867.7	629	2081.76	3785.94	0.1	
125	G	628	620	3224.79	621	676.41	2548.38	0.06	
126	C	620	610	44202.16	611	5949.81	38252.34	0.96	
127	C	610	600	254305.06	601	34691.91	219613.15	5.52	
128	U	600	590	51831.26	591	4717.3	47113.95	1.18	
129	C	590	580	82124.59	580	1825.72	80298.87	2.02	
130	U	580	570	107214.68	571	1390.2	105824.48	2.66	
131	U	570	560	175606.84	560	3592.8	172014.03	4.32	
132	A	560	549	71978.34	549	1359.1	70619.25	1.77	
133	G	550	541	13609.78	540	763.79	12845.99	0.32	
134	G	541	533	11720.1	533	1920.59	9799.51	0.25	
135	U	533	523	1351.64	524	985.56	366.08	0.01	
136	G	525	516	2402.05	517	1279.05	1123.0	0.03	
137	U	517	508	3283.74	509	1411.68	1872.05	0.05	
138	G	509	500	4971.14	500	2126.53	2844.61	0.07	
139	U	501	492	6544.13	492	1726.42	4817.72	0.12	
140	U	492	483	5923.51	483	1799.15	4124.36	0.1	
141	C	484	473	4479.34	474	1254.07	3225.27	0.08	
142	A	474	464	11386.02	465	1612.19	9773.83	0.25	
143	A	465	454	19821.69	454	2447.67	17374.03	0.44	
144	U	454	446	23831.22	447	2697.45	21133.77	0.53	
145	G	446	439	18557.27	439	831.15	17726.13	0.45	
146	A	439	430	23653.12	430	2283.86	21369.26	0.54	
147	A	430	420	19392.11	420	3186.47	16205.64	0.41	
148	C	420	410	14581.86	411	4755.53	9826.32	0.25	
149	A	410	401	14721.18	401	2463.46	12257.71	0.31	
150	G	400	393	12933.3	393	2544.74	10388.56	0.26	
151	U	392	385	11801.27	385	1208.01	10593.26	0.27	
152	C	384	375	23717.0	375	3989.43	19727.58	0.5	
153	G	374	367	9523.54	367	1420.44	8103.1	0.2	
154	U	366	359	10519.48	358	1488.66	9030.82	0.23	
155	U	358	350	5028.5	349	758.6	4269.9	0.11	
156	C	349	340	4930.58	339	3132.45	1798.13	0.05	
157	C	340	330	6994.98	330	4808.74	2186.24	0.05	
158	G	330	322	8444.35	321	3472.0	4972.36	0.12	
159	A	322	312	49465.87	312	16460.28	33005.59	0.83	
160	A	312	303	18270.75	302	6052.55	12218.2	0.31	
161	A	303	293	50592.14	294	2121.6	48470.54	1.22	
162	G	293	285	4175.83	288	2638.04	1537.79	0.04	
163	G	287	280	4090.97	281	3285.58	805.39	0.02	
164	A	281	272	8952.3	272	3967.1	4985.21	0.13	
165	A	272	264	10591.23	263	1630.1	8961.13	0.23	
166	G	264	257	89432.8	257	19174.42	70258.38	1.77	
167	C	257	248	51535.46	249	3906.08	47629.38	1.2	
168	A	248	239	22277.49	239	5.02	22272.48	0.56	
169	U	238	230	209435.51	231	51020.7	158414.82	3.98	
170	C	230	221	15320.59	221	7156.44	8164.15	0.21	
171	C	220	211	11324.0	212	9331.02	1992.98	0.05	
172	G	210	203	6125.97	204	5519.91	606.06	0.02	
173	G	203	198	7946.61	198	4427.6	3519.01	0.09	
174	U	199	193	17917.76	194	5802.13	12115.62	0.3	
175	A	192	185	22841.4	185	4665.4	18175.99	0.46	
176	U	183	177	21751.8	177	3189.66	18562.14	0.47	
177	C	176	167	9028.18	165	6254.07	2774.11	0.07	
178	C	165	159	3880.62	158	2308.26	1572.36	0.04	
179	C	157	149	9783.32	150	3359.37	6423.95	0.16	
180	A	146	141	8110.95	142	2483.3	5627.65	0.14	
181	A	137	133	10623.99	134	2009.91	8614.08	0.22	
182	G	128	127	28680.48	128	2687.95	25992.53	0.65	
183	A	123	118	7043.75	117	1971.32	5072.43	0.13	
184	C	115	109	18905.35	109	8344.86	10560.49	0.27	
185	A	106	101	10359.92	100	5170.1	5189.81	0.13	
186	A	99	91	7241.73	91	4690.66	2551.07	0.06	
187	U	91	85	27961.55	85	7767.92	20193.63	0.51	
