seqNum	seqRNA	posSeq	posRX	areaRX	posBG	areaBG	areaDiff	normDiff	
5	G	1876	1825	22339.49	1843	4762.05	17577.44	0.43	
6	G	1866	1815	71189.01	1834	5698.25	65490.77	1.62	
7	G	1854	1802	26515.98	1822	4257.4	22258.59	0.55	
8	U	1844	1790	25688.88	1815	8016.67	17672.21	0.44	
9	U	1833	1777	30357.65	1805	10912.95	19444.7	0.48	
10	G	1821	1765	21713.83	1797	12540.64	9173.18	0.23	
11	G	1812	1758	21383.16	1790	16543.86	4839.3	0.12	
12	G	1801	1748	12440.68	1784	14783.08	-2342.4	-0.06	
13	A	1791	1736	20849.98	1770	5467.99	15381.99	0.38	
14	A	1780	1722	30904.38	1759	3105.02	27799.36	0.69	
15	G	1767	1709	2660.86	1750	1160.92	1499.94	0.04	
16	U	1757	1698	8796.12	1741	3351.32	5444.8	0.13	
17	A	1747	1683	5638.05	1729	2350.94	3287.11	0.08	
18	U	1732	1671	2798.46	1717	1375.22	1423.24	0.04	
19	C	1721	1660	9949.18	1705	4360.92	5588.27	0.14	
20	A	1708	1649	4613.32	1693	1970.63	2642.69	0.07	
21	U	1695	1638	8891.23	1684	3540.86	5350.37	0.13	
22	G	1683	1631	3047.75	1675	1448.53	1599.22	0.04	
23	G	1672	1619	2790.54	1668	311.1	2479.44	0.06	
24	C	1662	1610	12415.15	1662	2769.31	9645.84	0.24	
25	U	1649	1600	12621.18	1653	2487.42	10133.76	0.25	
26	A	1638	1590	27877.56	1640	4491.54	23386.01	0.58	
27	A	1627	1580	22279.66	1626	2982.01	19297.65	0.48	
28	U	1614	1570	18632.08	1614	2397.65	16234.43	0.4	
29	C	1603	1561	16547.88	1600	6325.42	10222.46	0.25	
30	A	1593	1553	5422.08	1587	2243.66	3178.42	0.08	
31	C	1582	1543	3899.38	1573	2106.43	1792.95	0.04	
32	C	1570	1536	13666.31	1560	6004.66	7661.65	0.19	
33	A	1559	1529	1630.48	1548	437.89	1192.58	0.03	
34	U	1546	1521	5581.89	1536	2051.37	3530.52	0.09	
35	G	1535	1514	9903.59	1527	4020.32	5883.28	0.15	
36	A	1527	1507	3472.27	1516	1651.33	1820.95	0.05	
37	U	1515	1498	4598.94	1505	2578.51	2020.43	0.05	
38	G	1503	1489	8294.93	1493	3308.67	4986.26	0.12	
39	C	1494	1480	10391.15	1480	4654.86	5736.29	0.14	
40	A	1482	1470	25635.68	1469	3915.93	21719.75	0.54	
41	A	1471	1460	18966.6	1459	2427.09	16539.51	0.41	
42	U	1458	1450	15246.61	1449	1909.87	13336.74	0.33	
43	C	1448	1438	20003.42	1436	7633.24	12370.18	0.31	
44	G	1435	1427	6688.79	1425	2605.48	4083.31	0.1	
45	G	1425	1418	33724.34	1416	12332.1	21392.23	0.53	
46	G	1416	1408	30301.12	1406	14882.36	15418.76	0.38	
47	U	1406	1399	16359.57	1396	3382.82	12976.75	0.32	
48	U	1395	1389	17123.94	1387	4075.14	13048.8	0.32	
49	G	1386	1380	5408.21	1377	2232.53	3175.68	0.08	
50	A	1376	1369	9509.25	1366	2381.36	7127.89	0.18	
51	A	1366	1359	44487.69	1355	2899.53	41588.15	1.03	
52	C	1354	1348	59457.5	1344	15337.42	44120.08	1.09	
53	A	1344	1337	15493.36	1333	3138.33	12355.02	0.31	
54	C	1333	1326	9944.66	1322	2621.41	7323.25	0.18	
55	U	1321	1315	19167.89	1312	2322.33	16845.55	0.42	
56	U	1311	1305	36730.94	1302	3714.01	33016.92	0.82	
57	A	1301	1293	56500.93	1291	4886.0	51614.93	1.28	
58	A	1290	1282	87380.27	1280	32935.97	54444.3	1.35	
59	U	1278	1271	42971.24	1269	14459.09	28512.15	0.71	
60	U	1268	1259	9816.96	1258	1831.71	7985.25	0.2	
61	G	1257	1249	7798.5	1248	1691.2	6107.3	0.15	
62	G	1248	1240	21478.68	1240	6177.03	15301.64	0.38	
63	G	1238	1231	67795.67	1231	27939.8	39855.86	0.99	
64	U	1229	1221	22203.89	1222	4696.13	17507.76	0.43	
65	U	1219	1211	58782.56	1212	11584.03	47198.52	1.17	
66	A	1210	1200	85246.14	1201	13442.88	71803.26	1.78	
67	A	1200	1190	13494.53	1189	2582.44	10912.08	0.27	
68	A	1189	1179	24974.08	1178	3118.33	21855.75	0.54	
69	A	1177	1168	25881.82	1167	1707.81	24174.0	0.6	
70	C	1165	1156	24344.7	1154	7803.09	16541.61	0.41	
71	G	1153	1146	11122.12	1144	2608.02	8514.1	0.21	
72	G	1143	1137	22632.46	1134	3177.68	19454.78	0.48	
73	U	1134	1127	7555.78	1124	1425.74	6130.04	0.15	
74	G	1123	1118	5761.43	1115	1246.04	4515.39	0.11	
75	G	1113	1109	6182.59	1106	2186.05	3996.54	0.1	
76	G	1105	1100	14228.85	1097	10323.66	3905.19	0.1	
77	G	1096	1090	14767.18	1088	10295.95	4471.23	0.11	
78	G	1087	1081	16537.59	1079	6260.4	10277.19	0.25	
79	A	1079	1070	32723.79	1069	1786.1	30937.7	0.77	
80	C	1068	1058	34193.7	1058	7601.7	26592.0	0.66	
81	G	1057	1049	29232.39	1049	4811.5	24420.89	0.6	
82	A	1049	1038	34543.12	1038	3762.78	30780.35	0.76	
83	U	1038	1027	29505.7	1028	2907.84	26597.86	0.66	
84	C	1028	1015	28610.2	1017	13027.71	15582.5	0.39	
85	C	1018	1003	36933.34	1007	17571.38	19361.96	0.48	
86	C	1007	991	100953.44	996	48031.15	52922.29	1.31	
87	G	997	982	17589.89	987	4338.84	13251.04	0.33	
88	U	987	972	15489.52	979	3438.64	12050.88	0.3	
89	A	979	963	26275.14	970	2669.53	23605.61	0.58	
90	A	969	953	21889.7	962	1371.47	20518.23	0.51	
91	C	960	942	21910.05	953	5289.4	16620.65	0.41	
92	A	949	932	32588.13	943	2004.92	30583.21	0.76	
93	U	938	922	12690.46	933	1220.96	11469.5	0.28	
94	C	930	911	8727.26	921	2322.33	6404.93	0.16	
95	C	919	901	14927.47	909	6286.36	8641.11	0.21	
96	G	908	894	11412.99	900	3875.24	7537.75	0.19	
97	U	899	886	6646.96	891	1356.92	5290.03	0.13	
98	C	890	877	7845.46	880	2122.45	5723.02	0.14	
99	C	880	868	11271.15	870	2189.72	9081.43	0.22	
100	U	869	859	24568.6	860	2369.17	22199.43	0.55	
101	A	860	849	38200.51	848	2903.36	35297.14	0.87	
102	A	850	838	26333.24	837	1448.64	24884.6	0.62	
103	C	839	827	17518.98	827	4411.36	13107.61	0.32	
104	G	827	819	15578.51	818	2449.06	13129.45	0.32	
105	G	819	811	13999.09	810	2554.86	11444.23	0.28	
106	C	810	800	19020.35	800	6246.89	12773.46	0.32	
107	G	800	792	12851.44	792	2807.08	10044.36	0.25	
108	A	791	781	18280.62	781	2059.6	16221.01	0.4	
109	C	781	771	57078.58	771	12296.06	44782.52	1.11	
110	A	771	761	32651.28	761	3568.64	29082.65	0.72	
111	G	761	753	16803.13	753	2354.24	14448.89	0.36	
112	A	753	743	9733.26	743	699.04	9034.22	0.22	
113	C	742	733	20674.9	733	7270.26	13404.64	0.33	
114	U	732	723	10769.04	724	2066.98	8702.06	0.22	
115	G	722	715	13931.5	715	1139.34	12792.16	0.32	
116	C	715	706	58713.51	705	7730.05	50983.46	1.26	
117	A	705	696	21656.48	695	2455.56	19200.92	0.47	
118	C	695	686	39702.17	685	12279.52	27422.64	0.68	
119	G	684	679	11795.72	677	2690.92	9104.81	0.23	
120	G	676	671	7184.41	670	943.26	6241.15	0.15	
121	C	668	659	2380.77	660	757.55	1623.22	0.04	
122	C	658	648	8605.09	649	4349.25	4255.83	0.11	
123	C	648	638	11787.46	638	5967.7	5819.76	0.14	
124	U	637	628	4703.24	629	2155.55	2547.69	0.06	
125	G	628	620	2214.53	620	1085.93	1128.61	0.03	
126	C	620	610	28230.02	611	10073.77	18156.25	0.45	
127	C	610	600	121604.9	601	61390.96	60213.94	1.49	
128	U	600	591	18703.79	591	7134.94	11568.86	0.29	
129	C	590	581	15424.04	581	2271.92	13152.12	0.33	
130	U	580	571	18122.86	570	1464.94	16657.92	0.41	
131	U	570	561	45512.59	561	5086.22	40426.37	1.0	
132	A	560	550	19231.0	550	1517.9	17713.1	0.44	
133	G	550	542	6627.18	542	785.99	5841.19	0.14	
134	G	541	534	7329.56	534	835.59	6493.97	0.16	
135	U	533	525	2637.3	525	606.62	2030.69	0.05	
136	G	525	518	2152.51	517	454.87	1697.64	0.04	
137	U	517	508	3693.02	509	1105.43	2587.59	0.06	
138	G	509	500	4411.92	501	1512.92	2899.0	0.07	
139	U	501	492	4887.43	493	1405.21	3482.22	0.09	
140	U	492	483	6215.24	484	1428.25	4786.99	0.12	
141	C	484	474	5806.82	474	1561.88	4244.94	0.1	
142	A	474	464	14815.76	465	1177.26	13638.5	0.34	
143	A	465	454	23453.78	455	1848.3	21605.48	0.53	
144	U	454	446	23833.03	447	3112.4	20720.64	0.51	
145	G	446	439	27623.26	439	1190.86	26432.39	0.65	
146	A	439	429	31080.17	430	2033.98	29046.19	0.72	
147	A	430	419	20241.72	420	1636.17	18605.54	0.46	
148	C	420	409	22268.96	410	5882.73	16386.24	0.41	
149	A	410	399	13625.44	401	1605.83	12019.6	0.3	
150	G	400	392	7129.66	393	1159.9	5969.76	0.15	
151	U	392	384	9971.67	384	535.19	9436.48	0.23	
152	C	384	374	27867.5	375	3785.98	24081.52	0.6	
153	G	374	366	7431.88	368	361.12	7070.77	0.17	
154	U	366	358	6119.51	359	1053.16	5066.35	0.13	
155	U	358	350	2659.32	350	632.67	2026.65	0.05	
156	C	349	339	7487.47	340	2961.77	4525.69	0.11	
157	C	340	330	9919.83	330	3519.38	6400.45	0.16	
158	G	330	321	9573.01	322	2382.77	7190.24	0.18	
159	A	322	312	89571.59	313	27402.64	62168.95	1.54	
160	A	312	303	26254.49	303	3553.11	22701.38	0.56	
161	A	303	294	11891.66	294	157.1	11734.55	0.29	
162	G	293	288	4453.39	286	444.35	4009.04	0.1	
163	G	287	281	6765.49	280	1692.1	5073.4	0.13	
164	A	281	272	14044.66	272	3615.81	10428.84	0.26	
165	A	272	264	8588.66	265	1243.3	7345.36	0.18	
166	G	264	257	68945.53	257	23559.72	45385.8	1.12	
167	C	257	248	40136.89	248	9114.71	31022.18	0.77	
168	A	248	238	16480.87	239	2928.2	13552.67	0.34	
169	U	238	229	92038.54	230	44101.96	47936.58	1.19	
170	C	230	220	10979.63	221	6398.64	4580.99	0.11	
171	C	220	210	13107.86	210	6826.39	6281.47	0.16	
172	G	210	205	4503.65	203	1430.66	3072.99	0.08	
173	G	203	198	8115.82	198	1172.97	6942.85	0.17	
174	U	199	191	15624.21	193	2274.41	13349.81	0.33	
175	A	192	182	32314.61	184	2926.09	29388.53	0.73	
176	U	183	174	13474.82	176	2217.33	11257.5	0.28	
177	C	176	164	7702.72	165	2030.28	5672.44	0.14	
178	C	165	155	2219.55	156	450.07	1769.47	0.04	
179	C	157	145	10498.27	146	3297.49	7200.78	0.18	
180	A	146	137	10243.46	138	3005.86	7237.61	0.18	
181	A	137	129	8461.18	129	2001.43	6459.75	0.16	
182	G	128	123	18299.95	123	1598.04	16701.9	0.41	
183	A	123	115	8524.64	114	1396.81	7127.83	0.18	
184	C	115	106	23315.97	106	9824.19	13491.78	0.33	
185	A	106	98	11780.89	98	4628.37	7152.53	0.18	
186	A	99	89	14292.65	89	4611.17	9681.48	0.24	
187	U	91	82	28448.01	82	10431.56	18016.45	0.45	
