seqNum	seqRNA	posSeq	posRX	areaRX	posBG	areaBG	areaDiff	normDiff	
4	U	1557	1556	28141.53	1554	7167.46	20974.07	0.36	
5	G	1553	1547	49902.77	1544	11502.34	38400.43	0.66	
6	G	1546	1538	153199.2	1535	20575.62	132623.58	2.27	
7	G	1534	1526	9028.39	1526	3191.76	5836.63	0.1	
8	U	1523	1517	32766.47	1515	19744.87	13021.6	0.22	
9	U	1515	1508	22189.76	1506	9841.14	12348.62	0.21	
10	G	1506	1498	5160.16	1496	1156.62	4003.54	0.07	
11	G	1498	1492	41052.65	1490	17247.47	23805.18	0.41	
12	G	1487	1483	48929.97	1481	19606.39	29323.58	0.5	
13	A	1480	1473	67684.26	1472	30489.49	37194.77	0.64	
14	A	1472	1464	41201.29	1464	6798.15	34403.14	0.59	
15	G	1462	1455	13286.68	1454	1844.58	11442.11	0.2	
16	U	1452	1446	33277.12	1445	12521.85	20755.27	0.36	
17	A	1444	1436	13280.83	1435	8371.17	4909.66	0.08	
18	U	1434	1426	8219.75	1427	1688.12	6531.63	0.11	
19	C	1422	1417	22471.33	1415	7056.59	15414.74	0.26	
20	A	1414	1407	21852.38	1405	6237.66	15614.72	0.27	
21	U	1406	1399	21323.58	1398	7537.72	13785.86	0.24	
22	G	1394	1390	3093.93	1392	3277.82	-183.89	0.0	
23	G	1388	1380	6175.8	1380	2623.77	3552.04	0.06	
24	C	1380	1372	21317.07	1372	10841.54	10475.53	0.18	
25	U	1371	1359	9315.42	1364	2058.77	7256.65	0.12	
26	A	1363	1353	34192.76	1354	10195.49	23997.27	0.41	
27	A	1356	1344	27500.02	1344	4744.31	22755.71	0.39	
28	U	1343	1335	29346.33	1335	5218.72	24127.62	0.41	
29	C	1332	1326	39671.84	1326	14220.35	25451.48	0.44	
30	A	1325	1316	12844.56	1317	4057.79	8786.77	0.15	
31	C	1316	1305	14807.1	1304	4783.96	10023.13	0.17	
32	C	1306	1296	37165.1	1296	18613.11	18551.99	0.32	
33	A	1294	1286	2726.58	1284	935.05	1791.53	0.03	
34	U	1285	1277	16766.31	1275	4932.77	11833.54	0.2	
35	G	1278	1270	44920.81	1269	21901.32	23019.48	0.39	
36	A	1270	1260	7383.19	1260	4075.62	3307.57	0.06	
37	U	1258	1251	21758.16	1249	5302.32	16455.84	0.28	
38	G	1250	1243	32342.6	1242	17083.85	15258.75	0.26	
39	C	1241	1232	6348.67	1232	2329.16	4019.51	0.07	
40	A	1230	1224	42008.84	1223	13173.45	28835.39	0.49	
41	A	1222	1214	21988.17	1213	7459.87	14528.3	0.25	
42	U	1211	1203	21324.11	1202	8472.81	12851.31	0.22	
43	C	1200	1193	30835.02	1192	14567.62	16267.39	0.28	
44	G	1192	1184	27028.87	1182	9805.16	17223.71	0.3	
45	G	1183	1177	65423.61	1176	29612.53	35811.09	0.61	
46	G	1174	1169	22186.99	1168	9408.77	12778.22	0.22	
47	U	1167	1160	31543.11	1159	10485.88	21057.23	0.36	
48	U	1158	1153	23549.11	1152	9842.64	13706.46	0.24	
49	G	1150	1148	2807.95	1144	506.7	2301.25	0.04	
50	A	1143	1135	14922.84	1134	6275.42	8647.41	0.15	
51	A	1134	1125	15354.03	1124	4514.8	10839.23	0.19	
52	C	1124	1117	43402.49	1116	20798.92	22603.57	0.39	
53	A	1116	1107	29874.08	1107	11445.51	18428.57	0.32	
54	C	1106	1096	8238.51	1098	3137.98	5100.53	0.09	
55	U	1097	1089	23746.23	1090	9004.54	14741.69	0.25	
56	U	1089	1080	26146.04	1080	5881.52	20264.53	0.35	
57	A	1082	1070	81136.01	1071	22830.17	58305.84	1.0	
58	A	1071	1061	154773.45	1063	69746.82	85026.63	1.46	
59	U	1062	1053	24416.97	1054	11074.31	13342.66	0.23	
60	U	1053	1043	9835.52	1044	3128.25	6707.27	0.12	
61	G	1043	1034	14469.61	1035	5431.88	9037.73	0.16	
62	G	1035	1028	48459.84	1028	21838.94	26620.89	0.46	
63	G	1028	1020	52706.94	1020	28613.16	24093.78	0.41	
64	U	1020	1009	47764.37	1012	16388.37	31376.0	0.54	
65	U	1011	1003	109150.96	1004	50026.39	59124.57	1.01	
66	A	1004	995	45057.12	995	15519.93	29537.19	0.51	
67	A	994	983	2668.42	985	3451.3	-782.88	-0.01	
68	A	984	976	37246.09	975	12637.44	24608.64	0.42	
69	A	975	964	28923.99	964	6820.26	22103.73	0.38	
70	C	964	956	38253.27	955	15113.78	23139.5	0.4	
71	G	955	947	30505.92	947	13787.27	16718.65	0.29	
72	G	946	939	32391.01	939	12610.63	19780.38	0.34	
73	U	938	930	8797.85	930	6157.78	2640.08	0.05	
74	G	929	922	2698.64	922	3619.62	-920.98	-0.02	
75	G	921	912	6556.71	914	2287.05	4269.66	0.07	
76	G	914	906	23867.39	907	9428.62	14438.77	0.25	
77	G	906	899	31170.84	900	12386.93	18783.91	0.32	
78	G	900	893	34230.63	893	12155.3	22075.33	0.38	
79	A	892	884	37226.08	884	3986.45	33239.63	0.57	
80	C	883	874	45914.54	875	10721.82	35192.72	0.6	
81	G	874	868	56970.98	868	14769.84	42201.13	0.72	
82	A	868	859	43007.73	859	7417.49	35590.24	0.61	
83	U	858	850	23755.7	850	3209.05	20546.65	0.35	
84	C	850	840	11540.84	841	6676.6	4864.24	0.08	
85	C	841	831	31759.58	832	12641.85	19117.73	0.33	
86	C	832	823	70276.89	823	22810.95	47465.94	0.81	
87	G	823	816	22413.38	816	4933.47	17479.91	0.3	
88	U	815	808	30391.27	808	5098.21	25293.06	0.43	
89	A	808	800	50505.93	800	6920.71	43585.22	0.75	
90	A	800	791	38649.44	791	3353.85	35295.59	0.61	
91	C	791	782	33631.11	782	8288.47	25342.63	0.43	
92	A	782	774	38875.93	773	3992.02	34883.91	0.6	
93	U	772	765	11679.15	765	1968.03	9711.12	0.17	
94	C	765	756	10576.97	756	4164.62	6412.36	0.11	
95	C	755	747	30444.48	746	11651.01	18793.47	0.32	
96	G	746	740	35479.86	739	11010.29	24469.57	0.42	
97	U	738	732	8982.98	731	3674.64	5308.34	0.09	
98	C	731	723	15500.4	722	5781.44	9718.96	0.17	
99	C	722	715	16124.31	714	5232.74	10891.57	0.19	
100	U	713	706	22840.47	705	3264.75	19575.73	0.34	
101	A	705	698	61554.96	696	9845.56	51709.41	0.89	
102	A	696	688	29529.88	686	5085.59	24444.29	0.42	
103	C	688	678	16844.91	678	5998.03	10846.87	0.19	
104	G	677	671	25721.32	670	6943.02	18778.3	0.32	
105	G	670	664	29741.23	663	8334.7	21406.53	0.37	
106	C	661	655	21522.73	654	8633.34	12889.39	0.22	
107	G	654	648	10380.49	647	5704.39	4676.11	0.08	
108	A	647	637	15343.28	638	4191.84	11151.44	0.19	
109	C	637	629	44738.53	629	16459.16	28279.37	0.49	
110	A	629	621	38258.0	620	5817.91	32440.09	0.56	
111	G	620	614	28281.89	613	7346.26	20935.63	0.36	
112	A	613	605	8424.59	605	2060.84	6363.75	0.11	
113	C	604	597	39140.22	596	12560.13	26580.09	0.46	
114	U	595	589	17289.39	588	5628.35	11661.04	0.2	
115	G	588	582	25978.68	581	4823.48	21155.2	0.36	
116	C	582	573	27292.42	572	9208.08	18084.34	0.31	
117	A	572	563	27595.53	562	7017.18	20578.35	0.35	
118	C	563	553	39798.29	555	8686.19	31112.1	0.53	
119	G	554	547	32444.85	548	9545.85	22899.0	0.39	
120	G	547	541	9581.05	541	2434.77	7146.27	0.12	
121	C	539	532	5016.15	532	1628.96	3387.19	0.06	
122	C	532	523	16374.13	523	4850.37	11523.77	0.2	
123	C	523	515	21791.36	515	6575.23	15216.13	0.26	
124	U	514	507	14787.13	507	3886.85	10900.28	0.19	
125	G	506	500	5935.57	500	1431.38	4504.18	0.08	
126	C	499	491	21539.68	492	5380.15	16159.53	0.28	
127	C	491	483	71642.31	483	15894.6	55747.71	0.96	
128	U	483	475	40059.82	475	8196.8	31863.02	0.55	
129	C	474	467	31945.6	467	4954.14	26991.46	0.46	
130	U	466	458	39304.34	459	4508.25	34796.09	0.6	
131	U	457	450	86281.06	450	14244.48	72036.58	1.24	
132	A	450	441	32418.5	442	3742.4	28676.1	0.49	
133	G	440	434	19888.87	434	4038.7	15850.17	0.27	
134	G	433	427	24070.73	427	4725.63	19345.1	0.33	
135	U	426	418	4183.26	419	1766.36	2416.9	0.04	
136	G	419	412	3242.43	412	1338.12	1904.31	0.03	
137	U	412	405	9629.11	406	2877.48	6751.63	0.12	
138	G	404	398	10602.47	399	3283.24	7319.23	0.13	
139	U	397	391	22587.9	391	5919.97	16667.92	0.29	
140	U	390	383	20784.02	383	5956.54	14827.48	0.25	
141	C	383	375	11232.67	375	2337.94	8894.73	0.15	
142	A	375	367	29747.06	367	4363.88	25383.18	0.44	
143	A	367	358	53903.35	358	5887.74	48015.62	0.82	
144	U	357	352	73401.38	352	11945.5	61455.89	1.05	
145	G	352	346	30877.37	345	2084.48	28792.89	0.49	
146	A	345	338	57101.13	337	5610.48	51490.65	0.88	
147	A	337	329	50718.89	328	5184.72	45534.16	0.78	
148	C	328	320	50354.54	320	9298.87	41055.67	0.7	
149	A	320	312	36828.66	312	4382.6	32446.07	0.56	
150	G	311	305	25028.02	305	3263.46	21764.56	0.37	
151	U	304	298	19598.17	297	1190.74	18407.43	0.32	
152	C	297	290	57948.92	289	8331.64	49617.29	0.85	
153	G	289	282	4226.29	280	33.2	4193.09	0.07	
154	U	282	277	13721.68	276	2489.44	11232.24	0.19	
155	U	275	269	8375.52	268	2079.0	6296.52	0.11	
156	C	267	260	25354.01	259	8232.47	17121.54	0.29	
157	C	260	253	46485.16	252	10946.41	35538.75	0.61	
158	G	252	246	4960.65	244	1443.3	3517.35	0.06	
159	A	245	236	51866.82	237	6921.63	44945.19	0.77	
160	A	236	227	47777.8	227	7668.0	40109.8	0.69	
161	A	227	220	6531.4	218	22.75	6508.65	0.11	
162	G	219	214	14862.08	214	4214.39	10647.69	0.18	
163	G	213	208	19793.02	208	6675.21	13117.81	0.23	
164	A	208	200	34012.05	200	8710.9	25301.15	0.43	
165	A	200	192	49593.51	192	8601.15	40992.36	0.7	
166	G	193	187	199539.14	187	54677.01	144862.13	2.48	
167	C	187	180	55669.31	180	13857.6	41811.72	0.72	
168	A	179	172	50109.54	172	6513.19	43596.36	0.75	
169	U	170	164	244941.53	164	68350.45	176591.08	3.03	
170	C	163	156	43217.54	155	11329.8	31887.74	0.55	
171	C	156	147	61689.33	147	13849.6	47839.72	0.82	
172	G	146	138	23251.6	141	3822.12	19429.49	0.33	
173	G	135	131	29157.41	131	5051.26	24106.16	0.41	
174	U	128	123	51456.03	123	4808.3	46647.73	0.8	
175	A	122	116	35612.16	116	6418.25	29193.9	0.5	
176	U	115	107	20288.86	107	4089.92	16198.94	0.28	
177	C	107	100	4794.62	100	1100.56	3694.06	0.06	
178	C	98	92	20181.11	91	7286.84	12894.27	0.22	
179	C	91	84	29340.71	83	8975.81	20364.9	0.35	
180	A	84	75	11660.85	75	2928.12	8732.72	0.15	
181	A	78	71	24604.37	70	3989.6	20614.77	0.35	
182	G	73	64	26718.94	65	9393.48	17325.47	0.3	
183	A	66	57	57853.05	53	9621.74	48231.3	0.83	
184	C	54	50	37052.75	43	22556.78	14495.97	0.25	
185	A	42	42	28324.22	35	13898.04	14426.19	0.25	
186	A	34	36	33220.83	27	10730.4	22490.44	0.39	
187	U	26	29	42531.41	20	13323.09	29208.33	0.5	
