seqNum	seqRNA	posSeq	posRX	areaRX	posBG	areaBG	areaDiff	normDiff	
5	G	1876	1838	37883.67	1840	5239.79	32643.88	0.31	
6	G	1866	1832	159107.55	1831	7020.2	152087.35	1.46	
7	G	1854	1823	63641.65	1821	7249.43	56392.21	0.54	
8	U	1844	1813	60992.5	1812	15685.39	45307.12	0.44	
9	U	1833	1803	66281.54	1803	22061.98	44219.56	0.43	
10	G	1821	1794	28206.74	1796	27450.84	755.89	0.01	
11	G	1812	1787	20220.91	1790	33047.57	-12826.66	-0.12	
12	G	1801	1777	23977.93	1777	21169.82	2808.12	0.03	
13	A	1791	1767	47641.39	1767	22457.64	25183.75	0.24	
14	A	1780	1757	86986.75	1756	9358.61	77628.14	0.75	
15	G	1767	1748	10870.88	1747	3624.75	7246.13	0.07	
16	U	1757	1738	15501.86	1738	6915.02	8586.84	0.08	
17	A	1747	1727	11597.27	1727	4480.57	7116.71	0.07	
18	U	1732	1717	8062.69	1717	2694.18	5368.51	0.05	
19	C	1721	1707	20351.21	1707	7547.5	12803.71	0.12	
20	A	1708	1696	8631.05	1697	3722.79	4908.26	0.05	
21	U	1695	1687	19416.07	1687	7563.48	11852.6	0.11	
22	G	1683	1677	4802.7	1678	1513.96	3288.74	0.03	
23	G	1672	1668	6642.11	1668	2282.84	4359.27	0.04	
24	C	1662	1657	26745.14	1657	10119.89	16625.24	0.16	
25	U	1649	1646	28506.04	1646	5928.37	22577.67	0.22	
26	A	1638	1635	77405.99	1635	12890.57	64515.42	0.62	
27	A	1627	1622	59659.19	1623	8150.27	51508.91	0.5	
28	U	1614	1611	58331.47	1611	5993.39	52338.09	0.5	
29	C	1603	1599	55525.94	1600	17809.05	37716.9	0.36	
30	A	1593	1587	14785.71	1587	5753.19	9032.52	0.09	
31	C	1582	1574	12882.66	1574	5601.62	7281.04	0.07	
32	C	1570	1562	31207.59	1562	13682.81	17524.78	0.17	
33	A	1559	1549	5689.49	1550	1175.0	4514.49	0.04	
34	U	1546	1537	13452.47	1538	5106.28	8346.19	0.08	
35	G	1535	1527	23254.1	1528	9794.85	13459.25	0.13	
36	A	1527	1515	8838.73	1515	3984.34	4854.39	0.05	
37	U	1515	1504	10319.9	1503	5785.68	4534.22	0.04	
38	G	1503	1493	14552.65	1493	7820.3	6732.35	0.06	
39	C	1494	1482	25529.37	1482	10909.13	14620.24	0.14	
40	A	1482	1471	76017.5	1471	12306.64	63710.86	0.61	
41	A	1471	1459	60797.8	1459	7464.94	53332.86	0.51	
42	U	1458	1448	45281.5	1447	6638.73	38642.77	0.37	
43	C	1448	1435	67616.66	1435	27056.63	40560.03	0.39	
44	G	1435	1424	12906.14	1425	7799.48	5106.67	0.05	
45	G	1425	1416	68062.96	1416	35422.74	32640.22	0.31	
46	G	1416	1407	78238.28	1407	36670.82	41567.45	0.4	
47	U	1406	1397	52856.3	1397	9208.76	43647.54	0.42	
48	U	1395	1387	53275.58	1387	9836.93	43438.65	0.42	
49	G	1386	1378	22277.44	1378	5254.74	17022.7	0.16	
50	A	1376	1367	23011.88	1367	5541.22	17470.66	0.17	
51	A	1366	1356	32311.2	1356	6689.34	25621.86	0.25	
52	C	1354	1346	92209.17	1345	32265.53	59943.64	0.58	
53	A	1344	1334	39170.78	1334	7622.29	31548.48	0.3	
54	C	1333	1323	26060.58	1323	6851.63	19208.95	0.18	
55	U	1321	1313	51827.66	1313	5904.44	45923.22	0.44	
56	U	1311	1303	83243.62	1303	8366.24	74877.38	0.72	
57	A	1301	1291	158496.84	1291	12764.86	145731.98	1.4	
58	A	1290	1280	189342.48	1280	86010.84	103331.64	0.99	
59	U	1278	1270	131308.25	1270	33874.51	97433.74	0.94	
60	U	1268	1259	30691.51	1259	4084.86	26606.65	0.26	
61	G	1257	1248	20158.23	1249	3679.44	16478.79	0.16	
62	G	1248	1240	61015.45	1241	15527.0	45488.45	0.44	
63	G	1238	1232	387388.28	1232	78989.15	308399.13	2.97	
64	U	1229	1221	64130.42	1222	15053.66	49076.75	0.47	
65	U	1219	1212	142072.9	1212	38368.24	103704.66	1.0	
66	A	1210	1201	271095.61	1201	38551.16	232544.45	2.24	
67	A	1200	1189	42612.93	1190	9548.49	33064.44	0.32	
68	A	1189	1177	86920.17	1178	9463.43	77456.75	0.74	
69	A	1177	1165	98533.85	1165	3991.35	94542.5	0.91	
70	C	1165	1152	81295.27	1152	21588.23	59707.03	0.57	
71	G	1153	1142	25437.74	1143	7423.68	18014.06	0.17	
72	G	1143	1133	56971.32	1133	6045.63	50925.68	0.49	
73	U	1134	1122	17686.75	1122	2244.44	15442.31	0.15	
74	G	1123	1112	13171.37	1112	2074.1	11097.27	0.11	
75	G	1113	1103	30990.4	1104	3624.89	27365.52	0.26	
76	G	1105	1095	110666.34	1096	23296.38	87369.96	0.84	
77	G	1096	1087	102986.02	1087	24351.51	78634.51	0.76	
78	G	1087	1078	100322.07	1079	16171.37	84150.7	0.81	
79	A	1079	1068	98228.87	1068	4864.54	93364.33	0.9	
80	C	1068	1057	79403.63	1058	19733.77	59669.86	0.57	
81	G	1057	1049	73746.26	1050	13238.08	60508.17	0.58	
82	A	1049	1038	77120.15	1039	9204.12	67916.03	0.65	
83	U	1038	1028	71630.46	1028	6981.76	64648.69	0.62	
84	C	1028	1017	77829.43	1018	38589.68	39239.75	0.38	
85	C	1018	1007	124346.86	1007	53502.04	70844.82	0.68	
86	C	1007	996	511256.32	997	162900.23	348356.09	3.35	
87	G	997	987	58161.63	987	16427.31	41734.32	0.4	
88	U	987	979	48081.31	979	5737.91	42343.4	0.41	
89	A	979	969	76749.95	970	5846.71	70903.24	0.68	
90	A	969	960	73133.54	960	4024.99	69108.54	0.66	
91	C	960	950	42646.11	950	8510.69	34135.42	0.33	
92	A	949	939	101948.46	940	3997.74	97950.72	0.94	
93	U	938	929	38149.41	930	1723.62	36425.79	0.35	
94	C	930	919	22194.76	920	4573.49	17621.27	0.17	
95	C	919	908	67048.64	909	21164.38	45884.26	0.44	
96	G	908	899	33250.02	900	10900.43	22349.59	0.21	
97	U	899	890	13296.32	891	2592.91	10703.41	0.1	
98	C	890	880	17651.63	880	4285.31	13366.32	0.13	
99	C	880	869	26520.57	870	4061.24	22459.33	0.22	
100	U	869	860	70256.44	861	3752.3	66504.14	0.64	
101	A	860	849	99082.7	850	5466.49	93616.21	0.9	
102	A	850	839	76972.51	839	3430.15	73542.36	0.71	
103	C	839	827	65706.15	828	14375.38	51330.77	0.49	
104	G	827	819	39117.25	819	4392.56	34724.69	0.33	
105	G	819	811	44897.1	811	6892.5	38004.59	0.37	
106	C	810	800	51694.83	800	15405.99	36288.84	0.35	
107	G	800	792	29202.33	792	5620.98	23581.35	0.23	
108	A	791	781	39608.49	781	3567.85	36040.64	0.35	
109	C	781	771	47998.46	771	17310.09	30688.36	0.3	
110	A	771	761	84219.48	761	6960.24	77259.24	0.74	
111	G	761	753	32966.77	753	4945.04	28021.73	0.27	
112	A	753	743	16968.75	742	1641.24	15327.51	0.15	
113	C	742	733	60227.36	733	21048.74	39178.61	0.38	
114	U	732	724	20332.67	724	5072.38	15260.29	0.15	
115	G	722	716	33466.84	717	3513.53	29953.31	0.29	
116	C	715	707	43549.25	707	13971.96	29577.3	0.28	
117	A	705	698	50865.36	698	6510.2	44355.16	0.43	
118	C	695	689	170475.12	689	44349.39	126125.73	1.21	
119	G	684	681	34774.75	681	8489.75	26285.01	0.25	
120	G	676	674	17388.67	673	2906.05	14482.62	0.14	
121	C	668	663	5094.28	661	2374.61	2719.67	0.03	
122	C	658	650	34097.61	649	16812.48	17285.13	0.17	
123	C	648	639	42540.06	638	19457.86	23082.2	0.22	
124	U	637	628	10261.02	628	5410.79	4850.23	0.05	
125	G	628	616	11409.07	619	3875.39	7533.69	0.07	
126	C	620	609	161105.22	610	54086.16	107019.06	1.03	
127	C	610	600	766281.71	600	260404.34	505877.36	4.86	
128	U	600	590	96437.33	591	25696.91	70740.41	0.68	
129	C	590	580	62013.73	580	6191.77	55821.95	0.54	
130	U	580	570	63193.26	570	3274.74	59918.52	0.58	
131	U	570	560	114017.31	560	8188.7	105828.61	1.02	
132	A	560	549	58842.7	550	2970.57	55872.13	0.54	
133	G	550	541	16148.95	542	1602.57	14546.38	0.14	
134	G	541	534	17843.26	534	2178.49	15664.78	0.15	
135	U	533	524	3498.76	524	905.29	2593.47	0.02	
136	G	525	517	4576.75	517	1199.83	3376.92	0.03	
137	U	517	509	6238.58	509	2001.02	4237.56	0.04	
138	G	509	501	9951.95	502	3082.65	6869.3	0.07	
139	U	501	493	10474.07	493	2494.45	7979.62	0.08	
140	U	492	484	10952.79	484	2555.66	8397.13	0.08	
141	C	484	475	9528.34	474	2528.17	7000.16	0.07	
142	A	474	465	43633.38	465	2267.81	41365.57	0.4	
143	A	465	455	58951.43	454	4246.51	54704.92	0.53	
144	U	454	448	66556.01	447	6528.14	60027.87	0.58	
145	G	446	440	93866.05	440	3640.07	90225.98	0.87	
146	A	439	431	89344.33	431	5287.74	84056.59	0.81	
147	A	430	421	65377.54	421	3833.07	61544.47	0.59	
148	C	420	411	29889.01	411	6653.4	23235.62	0.22	
149	A	410	401	38300.31	401	2809.71	35490.59	0.34	
150	G	400	394	23479.9	393	2092.28	21387.62	0.21	
151	U	392	386	26927.93	384	397.9	26530.03	0.26	
152	C	384	376	67607.14	375	8619.32	58987.81	0.57	
153	G	374	368	22136.39	367	1158.65	20977.74	0.2	
154	U	366	360	13986.62	360	2292.29	11694.33	0.11	
155	U	358	351	6113.51	351	821.29	5292.21	0.05	
156	C	349	341	16675.82	341	5842.07	10833.75	0.1	
157	C	340	331	17878.3	331	6265.72	11612.58	0.11	
158	G	330	323	26105.02	322	6330.88	19774.14	0.19	
159	A	322	313	196091.02	313	52262.54	143828.49	1.38	
160	A	312	304	61152.7	304	7829.92	53322.78	0.51	
161	A	303	294	34564.31	297	5.21	34559.1	0.33	
162	G	293	288	10779.08	288	1010.17	9768.92	0.09	
163	G	287	281	16070.31	281	3232.0	12838.31	0.12	
164	A	281	272	31699.02	272	6091.43	25607.59	0.25	
165	A	272	264	25183.97	264	4180.41	21003.56	0.2	
166	G	264	257	195835.61	257	62867.33	132968.28	1.28	
167	C	257	248	54674.69	248	16249.31	38425.38	0.37	
168	A	248	239	63341.53	238	11144.6	52196.93	0.5	
169	U	238	230	496986.0	230	210154.66	286831.35	2.76	
170	C	230	221	56216.24	221	21752.34	34463.9	0.33	
171	C	220	211	42654.34	210	13814.01	28840.33	0.28	
172	G	210	204	14773.68	204	4201.25	10572.43	0.1	
173	G	203	199	25883.19	198	3595.65	22287.54	0.21	
174	U	199	192	30983.86	192	2712.63	28271.23	0.27	
175	A	192	183	86438.38	183	5661.77	80776.62	0.78	
176	U	183	175	31522.6	175	4109.27	27413.34	0.26	
177	C	176	166	14684.27	165	5166.71	9517.56	0.09	
178	C	165	157	3222.3	156	2642.78	579.52	0.01	
179	C	157	147	23260.25	147	9265.18	13995.07	0.13	
180	A	146	140	23139.24	139	6250.87	16888.37	0.16	
181	A	137	133	12399.9	130	3417.24	8982.66	0.09	
182	G	128	126	53013.22	125	2926.35	50086.87	0.48	
183	A	123	117	17606.39	119	1435.51	16170.88	0.16	
184	C	115	110	53835.02	110	18076.37	35758.65	0.34	
185	A	106	102	28315.18	102	8149.62	20165.56	0.19	
186	A	99	94	38705.81	95	7241.07	31464.74	0.3	
187	U	91	87	89613.85	88	21100.25	68513.59	0.66	
