seqNum	seqRNA	posSeq	posRX	areaRX	posBG	areaBG	areaDiff	normDiff	
5	G	1876	1850	310271.6	1857	7093.37	303178.23	4.33	
6	G	1866	1840	54023.69	1848	10506.34	43517.35	0.62	
7	G	1854	1831	67747.51	1839	10816.61	56930.9	0.81	
8	U	1844	1821	62324.96	1830	15322.13	47002.83	0.67	
9	U	1833	1813	16599.3	1820	20394.18	-3794.88	-0.05	
10	G	1821	1805	5001.08	1813	21248.09	-16247.01	-0.23	
11	G	1812	1796	18663.39	1806	16678.42	1984.96	0.03	
12	G	1801	1786	46270.5	1797	6675.95	39594.55	0.57	
13	A	1791	1777	65859.16	1787	4822.58	61036.58	0.87	
14	A	1780	1768	16577.2	1777	5151.97	11425.23	0.16	
15	G	1767	1757	19910.33	1768	2982.77	16927.56	0.24	
16	U	1757	1743	8285.04	1757	5177.18	3107.86	0.04	
17	A	1747	1735	2045.85	1744	2818.12	-772.26	-0.01	
18	U	1732	1730	6211.07	1731	1633.18	4577.89	0.07	
19	C	1721	1718	13730.05	1718	5120.95	8609.1	0.12	
20	A	1708	1704	11177.96	1704	2023.26	9154.71	0.13	
21	U	1695	1692	17782.6	1692	4830.15	12952.45	0.18	
22	G	1683	1679	9351.7	1681	1560.16	7791.54	0.11	
23	G	1672	1669	9408.04	1670	1570.44	7837.6	0.11	
24	C	1662	1658	22913.9	1658	5765.51	17148.38	0.24	
25	U	1649	1646	28842.97	1646	2957.48	25885.49	0.37	
26	A	1638	1635	71879.86	1634	6005.54	65874.32	0.94	
27	A	1627	1622	58214.59	1622	3537.26	54677.34	0.78	
28	U	1614	1611	98608.32	1610	2794.05	95814.27	1.37	
29	C	1603	1598	54726.23	1598	8895.44	45830.78	0.65	
30	A	1593	1586	14559.97	1585	2072.6	12487.37	0.18	
31	C	1582	1572	6988.62	1572	2660.13	4328.49	0.06	
32	C	1570	1561	17828.69	1560	6452.38	11376.31	0.16	
33	A	1559	1548	5552.72	1549	825.0	4727.72	0.07	
34	U	1546	1537	7998.78	1538	2764.73	5234.05	0.07	
35	G	1535	1528	16826.77	1528	5098.54	11728.23	0.17	
36	A	1527	1517	8580.39	1517	2051.84	6528.55	0.09	
37	U	1515	1506	7400.65	1506	2636.77	4763.88	0.07	
38	G	1503	1496	11775.56	1496	4894.89	6880.67	0.1	
39	C	1494	1484	18913.34	1484	6594.8	12318.54	0.18	
40	A	1482	1472	60984.53	1473	5949.82	55034.72	0.79	
41	A	1471	1460	57284.94	1461	3707.43	53577.51	0.76	
42	U	1458	1449	61404.1	1448	3731.79	57672.31	0.82	
43	C	1448	1435	48591.93	1436	12704.71	35887.22	0.51	
44	G	1435	1425	11405.97	1425	3869.29	7536.68	0.11	
45	G	1425	1416	36142.17	1416	18278.34	17863.83	0.26	
46	G	1416	1406	28234.27	1406	18646.66	9587.62	0.14	
47	U	1406	1396	55409.27	1396	5179.88	50229.39	0.72	
48	U	1395	1386	38773.37	1386	5217.57	33555.81	0.48	
49	G	1386	1377	17691.65	1377	2920.64	14771.0	0.21	
50	A	1376	1366	19128.12	1366	3196.81	15931.3	0.23	
51	A	1366	1355	22166.24	1355	3323.43	18842.81	0.27	
52	C	1354	1344	43872.75	1344	18123.23	25749.52	0.37	
53	A	1344	1333	34902.22	1333	4217.54	30684.69	0.44	
54	C	1333	1321	21685.94	1322	3312.81	18373.13	0.26	
55	U	1321	1311	58758.6	1311	3515.27	55243.33	0.79	
56	U	1311	1301	88593.49	1301	6092.55	82500.94	1.18	
57	A	1301	1290	150896.41	1290	6002.38	144894.03	2.07	
58	A	1290	1279	83871.14	1279	42667.66	41203.48	0.59	
59	U	1278	1268	56176.39	1268	19694.65	36481.74	0.52	
60	U	1268	1257	32170.38	1257	2094.36	30076.02	0.43	
61	G	1257	1247	21087.06	1247	2132.6	18954.46	0.27	
62	G	1248	1239	46018.91	1239	10919.04	35099.87	0.5	
63	G	1238	1229	106463.03	1230	63208.01	43255.02	0.62	
64	U	1229	1220	52558.27	1220	9761.46	42796.81	0.61	
65	U	1219	1210	93745.01	1211	18475.03	75269.98	1.07	
66	A	1210	1200	108621.95	1200	18294.56	90327.39	1.29	
67	A	1200	1189	21565.89	1189	4152.25	17413.64	0.25	
68	A	1189	1177	44145.4	1177	4254.63	39890.77	0.57	
69	A	1177	1166	63573.57	1166	1880.33	61693.24	0.88	
70	C	1165	1154	54262.76	1154	11198.4	43064.36	0.61	
71	G	1153	1144	16836.77	1144	3157.35	13679.42	0.2	
72	G	1143	1134	35843.24	1134	3854.2	31989.04	0.46	
73	U	1134	1123	13171.21	1123	1316.79	11854.42	0.17	
74	G	1123	1114	6044.26	1113	1534.77	4509.49	0.06	
75	G	1113	1104	10127.52	1104	3021.68	7105.84	0.1	
76	G	1105	1095	40568.66	1096	19486.67	21082.0	0.3	
77	G	1096	1087	39871.35	1087	21259.62	18611.73	0.27	
78	G	1087	1078	52532.05	1079	13274.56	39257.5	0.56	
79	A	1079	1068	95532.22	1068	3298.47	92233.75	1.32	
80	C	1068	1057	67163.25	1057	11900.88	55262.37	0.79	
81	G	1057	1049	75223.48	1049	6437.46	68786.02	0.98	
82	A	1049	1038	105059.63	1038	5041.13	100018.51	1.43	
83	U	1038	1028	99847.98	1028	3802.11	96045.87	1.37	
84	C	1028	1017	38364.26	1017	18905.66	19458.6	0.28	
85	C	1018	1007	45050.02	1007	30916.57	14133.45	0.2	
86	C	1007	996	142541.72	996	96538.06	46003.66	0.66	
87	G	997	987	28334.55	987	8448.18	19886.37	0.28	
88	U	987	979	41220.97	979	5022.42	36198.55	0.52	
89	A	979	969	62911.31	969	3574.72	59336.59	0.85	
90	A	969	959	58696.51	959	1887.3	56809.21	0.81	
91	C	960	949	26863.8	949	5469.55	21394.24	0.31	
92	A	949	938	100914.48	938	2686.29	98228.19	1.4	
93	U	938	928	40831.85	928	1219.76	39612.09	0.57	
94	C	930	918	18985.4	918	3102.14	15883.26	0.23	
95	C	919	907	27149.71	908	12350.5	14799.21	0.21	
96	G	908	899	23393.27	900	6038.9	17354.37	0.25	
97	U	899	890	16250.5	891	1682.95	14567.56	0.21	
98	C	890	880	14306.2	880	3243.24	11062.96	0.16	
99	C	880	871	53034.9	869	3252.41	49782.48	0.71	
100	U	869	860	65975.82	860	3467.43	62508.39	0.89	
101	A	860	850	116889.88	849	3696.14	113193.74	1.62	
102	A	850	839	93314.39	838	2499.06	90815.32	1.3	
103	C	839	828	53044.04	828	9154.89	43889.15	0.63	
104	G	827	819	45610.72	819	3709.56	41901.16	0.6	
105	G	819	811	36176.13	811	4667.81	31508.32	0.45	
106	C	810	800	45538.34	800	9199.28	36339.06	0.52	
107	G	800	792	16675.17	792	4201.64	12473.53	0.18	
108	A	791	781	29633.74	781	2798.43	26835.31	0.38	
109	C	781	771	28396.54	771	11912.75	16483.79	0.24	
110	A	771	761	61951.62	761	4178.24	57773.39	0.82	
111	G	761	753	22200.64	753	3220.24	18980.4	0.27	
112	A	753	743	15031.46	743	1004.66	14026.8	0.2	
113	C	742	733	37158.85	733	12358.15	24800.7	0.35	
114	U	732	724	27693.67	724	2948.11	24745.57	0.35	
115	G	722	716	34158.69	716	2194.37	31964.32	0.46	
116	C	715	706	33362.85	706	9164.54	24198.32	0.35	
117	A	705	696	25977.89	696	3468.07	22509.82	0.32	
118	C	695	687	51206.3	686	26797.11	24409.19	0.35	
119	G	684	680	23084.54	678	4450.84	18633.7	0.27	
120	G	676	671	20831.54	671	1564.07	19267.48	0.28	
121	C	668	661	2801.89	660	1487.01	1314.87	0.02	
122	C	658	649	7146.93	649	8911.22	-1764.29	-0.03	
123	C	648	638	13674.96	639	11124.82	2550.15	0.04	
124	U	637	628	9692.13	629	3535.86	6156.27	0.09	
125	G	628	620	9699.4	620	2051.24	7648.15	0.11	
126	C	620	610	45635.33	611	27893.47	17741.86	0.25	
127	C	610	601	187337.52	601	114129.22	73208.3	1.05	
128	U	600	591	66370.31	592	14822.12	51548.19	0.74	
129	C	590	580	56967.5	581	3465.99	53501.51	0.76	
130	U	580	570	86715.81	571	1761.81	84954.0	1.21	
131	U	570	560	131536.98	561	5942.81	125594.17	1.79	
132	A	560	550	56187.1	550	1975.19	54211.92	0.77	
133	G	550	541	23060.55	541	1023.89	22036.66	0.31	
134	G	541	534	25642.85	533	1639.04	24003.82	0.34	
135	U	533	525	3154.09	524	869.38	2284.71	0.03	
136	G	525	516	2412.95	516	884.74	1528.21	0.02	
137	U	517	508	3080.79	508	1243.37	1837.42	0.03	
138	G	509	500	5647.9	500	1949.98	3697.92	0.05	
139	U	501	492	9351.43	492	1688.87	7662.55	0.11	
140	U	492	483	6691.23	483	1847.95	4843.28	0.07	
141	C	484	472	8210.15	473	1651.12	6559.02	0.09	
142	A	474	464	40649.02	464	1596.51	39052.51	0.56	
143	A	465	454	60601.57	454	2354.86	58246.71	0.83	
144	U	454	446	67325.91	446	3812.39	63513.52	0.91	
145	G	446	439	28695.38	439	2164.3	26531.07	0.38	
146	A	439	430	46083.18	430	2960.7	43122.48	0.62	
147	A	430	420	40571.24	420	2264.5	38306.75	0.55	
148	C	420	410	24924.58	410	4509.97	20414.6	0.29	
149	A	410	400	32543.03	400	1871.62	30671.41	0.44	
150	G	400	392	33604.05	392	1353.46	32250.59	0.46	
151	U	392	384	37791.46	385	480.55	37310.91	0.53	
152	C	384	375	84917.35	375	5622.75	79294.6	1.13	
153	G	374	367	18375.67	367	849.11	17526.56	0.25	
154	U	366	359	16884.01	359	1432.99	15451.02	0.22	
155	U	358	350	6567.08	351	603.81	5963.27	0.09	
156	C	349	340	10052.93	340	3875.0	6177.93	0.09	
157	C	340	331	14420.51	331	3699.01	10721.5	0.15	
158	G	330	322	10576.25	322	3613.83	6962.42	0.1	
159	A	322	313	108848.02	313	29045.0	79803.02	1.14	
160	A	312	303	56112.82	304	4108.97	52003.85	0.74	
161	A	303	294	46635.4	296	171.92	46463.48	0.66	
162	G	293	287	13188.9	289	616.21	12572.69	0.18	
163	G	287	280	10704.43	281	2100.42	8604.01	0.12	
164	A	281	273	20364.95	272	3779.09	16585.86	0.24	
165	A	272	265	20605.88	266	1688.62	18917.26	0.27	
166	G	264	258	96781.16	258	35269.09	61512.07	0.88	
167	C	257	249	52291.14	249	10588.14	41703.0	0.6	
168	A	248	240	54076.72	237	9042.66	45034.06	0.64	
169	U	238	231	160134.73	231	84969.09	75165.64	1.07	
170	C	230	222	19680.54	223	12507.01	7173.53	0.1	
171	C	220	212	31137.23	213	7624.6	23512.64	0.34	
172	G	210	198	17310.04	203	2904.14	14405.9	0.21	
173	G	203	205	11521.9	197	1433.92	10087.98	0.14	
174	U	199	194	41496.77	193	1130.36	40366.41	0.58	
175	A	192	185	56182.28	186	3443.25	52739.03	0.75	
176	U	183	177	30893.6	178	2617.32	28276.28	0.4	
177	C	176	167	10739.22	168	3401.31	7337.91	0.1	
178	C	165	159	7107.97	159	1906.29	5201.68	0.07	
179	C	157	150	21048.33	150	6019.61	15028.72	0.21	
180	A	146	141	24055.44	142	4788.46	19266.98	0.28	
181	A	137	134	25890.25	132	2452.96	23437.29	0.33	
182	G	128	127	93072.01	126	1851.12	91220.89	1.3	
183	A	123	118	30193.22	119	1370.24	28822.98	0.41	
184	C	115	110	30317.92	110	11867.33	18450.59	0.26	
185	A	106	102	24905.01	102	7702.09	17202.92	0.25	
186	A	99	93	33316.8	93	6099.06	27217.74	0.39	
187	U	91	86	53336.89	86	15822.03	37514.86	0.54	
