seqNum	seqRNA	posSeq	posRX	areaRX	posBG	areaBG	areaDiff	normDiff	
4	U	1586	1586	62131.43	1578	5417.02	56714.42	0.8	
5	G	1579	1577	73019.6	1573	4597.27	68422.32	0.97	
6	G	1575	1568	84830.16	1568	6763.13	78067.04	1.11	
7	G	1565	1559	24810.97	1552	4397.52	20413.45	0.29	
8	U	1554	1549	61904.71	1547	13753.39	48151.32	0.68	
9	U	1547	1539	61915.73	1541	4631.75	57283.97	0.81	
10	G	1538	1531	21251.24	1526	4357.35	16893.9	0.24	
11	G	1525	1522	58191.43	1521	11764.98	46426.45	0.66	
12	G	1518	1513	62491.76	1511	12607.05	49884.71	0.71	
13	A	1514	1503	85032.4	1504	17853.16	67179.23	0.95	
14	A	1503	1493	44748.12	1498	6102.68	38645.45	0.55	
15	G	1495	1484	19637.27	1483	3068.91	16568.36	0.23	
16	U	1483	1476	42638.85	1477	9373.3	33265.56	0.47	
17	A	1469	1465	25773.24	1464	4583.94	21189.3	0.3	
18	U	1463	1455	17433.25	1451	788.18	16645.07	0.24	
19	C	1453	1445	31748.16	1445	3232.93	28515.23	0.4	
20	A	1446	1435	35461.4	1432	9070.38	26391.01	0.37	
21	U	1436	1426	45741.38	1425	5407.5	40333.89	0.57	
22	G	1422	1417	16858.89	1412	887.24	15971.65	0.23	
23	G	1415	1408	15547.41	1406	4914.11	10633.3	0.15	
24	C	1406	1399	39254.26	1400	7317.41	31936.85	0.45	
25	U	1399	1390	15017.61	1388	3198.3	11819.31	0.17	
26	A	1385	1381	36701.78	1382	5711.98	30989.8	0.44	
27	A	1381	1371	25652.7	1368	5757.22	19895.48	0.28	
28	U	1371	1362	31884.26	1359	8981.37	22902.89	0.32	
29	C	1360	1352	59544.48	1353	12633.76	46910.72	0.66	
30	A	1353	1342	25128.37	1347	4535.53	20592.84	0.29	
31	C	1345	1331	23235.46	1329	7196.63	16038.83	0.23	
32	C	1330	1321	54373.75	1323	12750.8	41622.95	0.59	
33	A	1321	1312	8150.17	1309	834.73	7315.44	0.1	
34	U	1312	1302	19603.95	1301	8633.54	10970.41	0.16	
35	G	1305	1294	68005.38	1295	15458.85	52546.52	0.74	
36	A	1299	1284	22192.55	1278	1104.86	21087.69	0.3	
37	U	1283	1275	22073.0	1271	5391.52	16681.49	0.24	
38	G	1271	1266	53003.76	1266	10571.09	42432.67	0.6	
39	C	1266	1257	17968.73	1252	1448.75	16519.98	0.23	
40	A	1255	1247	56155.19	1246	6611.75	49543.44	0.7	
41	A	1248	1237	40072.3	1236	1730.68	38341.62	0.54	
42	U	1235	1226	34220.37	1224	3279.17	30941.2	0.44	
43	C	1225	1216	52768.68	1218	7219.97	45548.71	0.65	
44	G	1220	1207	34343.93	1212	13665.32	20678.61	0.29	
45	G	1213	1199	97277.89	1200	37931.78	59346.11	0.84	
46	G	1199	1191	38979.69	1193	18406.24	20573.45	0.29	
47	U	1192	1182	53308.34	1183	19767.73	33540.61	0.48	
48	U	1185	1174	41856.22	1177	10334.83	31521.39	0.45	
49	G	1177	1165	12224.06	1171	4535.6	7688.46	0.11	
50	A	1168	1156	31282.09	1155	5757.12	25524.97	0.36	
51	A	1155	1147	29868.67	1143	10904.39	18964.28	0.27	
52	C	1144	1137	71145.64	1137	22650.54	48495.1	0.69	
53	A	1137	1127	44510.27	1128	11163.18	33347.09	0.47	
54	C	1126	1118	15066.29	1116	1803.19	13263.11	0.19	
55	U	1117	1109	34674.18	1110	5800.96	28873.22	0.41	
56	U	1108	1100	26767.91	1092	28704.6	-1936.69	-0.03	
57	A	1095	1090	85993.79	1086	59440.88	26552.91	0.38	
58	A	1088	1080	309899.12	1081	118386.6	191512.53	2.71	
59	U	1081	1071	52286.13	1074	19700.67	32585.46	0.46	
60	U	1071	1062	24307.92	1061	3833.02	20474.9	0.29	
61	G	1064	1053	31983.69	1050	31486.69	497.0	0.01	
62	G	1051	1046	103548.94	1044	50102.35	53446.59	0.76	
63	G	1044	1038	155851.98	1038	63761.89	92090.08	1.3	
64	U	1037	1030	61169.94	1029	40993.08	20176.86	0.29	
65	U	1029	1021	220060.48	1023	86040.87	134019.61	1.9	
66	A	1022	1012	68305.8	1017	25522.4	42783.4	0.61	
67	A	1014	1003	21561.43	1004	1332.83	20228.6	0.29	
68	A	1002	993	43040.21	994	8320.33	34719.89	0.49	
69	A	994	982	32175.12	978	4784.62	27390.49	0.39	
70	C	981	972	46943.8	973	15895.13	31048.67	0.44	
71	G	973	964	29157.41	965	10641.73	18515.68	0.26	
72	G	963	955	35148.95	957	11295.93	23853.02	0.34	
73	U	956	946	12065.39	948	1398.44	10666.95	0.15	
74	G	945	937	8536.61	937	2348.85	6187.76	0.09	
75	G	940	929	13582.54	927	21913.35	-8330.81	-0.12	
76	G	928	922	93033.29	922	34380.16	58653.13	0.83	
77	G	921	915	94842.25	916	27611.67	67230.57	0.95	
78	G	915	907	84328.45	911	27169.89	57158.56	0.81	
79	A	909	898	107203.69	895	9141.32	98062.37	1.39	
80	C	898	888	82951.98	887	21100.74	61851.24	0.88	
81	G	888	881	54851.2	880	14509.69	40341.51	0.57	
82	A	882	872	32364.78	873	8339.75	24025.03	0.34	
83	U	872	863	26371.49	861	2086.67	24284.83	0.34	
84	C	864	853	27746.26	854	10638.51	17107.74	0.24	
85	C	855	844	40563.77	845	20101.08	20462.69	0.29	
86	C	844	835	75848.05	836	29996.93	45851.12	0.65	
87	G	835	827	21213.12	830	10734.29	10478.82	0.15	
88	U	827	819	22228.31	821	7041.44	15186.87	0.22	
89	A	813	811	34174.84	813	8403.51	25771.33	0.37	
90	A	805	802	24983.25	804	3093.18	21890.07	0.31	
91	C	798	792	50397.84	794	4924.46	45473.39	0.64	
92	A	791	783	109008.77	784	1651.62	107357.15	1.52	
93	U	783	775	30590.45	774	1226.48	29363.98	0.42	
94	C	775	766	11585.31	766	4145.76	7439.55	0.11	
95	C	766	756	32117.96	757	14101.96	18016.0	0.26	
96	G	756	749	42650.75	750	16503.79	26146.96	0.37	
97	U	749	741	11421.58	742	6957.1	4464.49	0.06	
98	C	742	731	15409.43	733	5499.71	9909.72	0.14	
99	C	733	722	12769.74	724	2439.56	10330.17	0.15	
100	U	723	713	12338.46	714	573.28	11765.18	0.17	
101	A	716	705	40666.79	706	6475.85	34190.94	0.48	
102	A	707	695	23758.51	695	4913.64	18844.87	0.27	
103	C	696	686	25803.27	685	8553.28	17249.99	0.24	
104	G	686	678	30834.22	677	10015.34	20818.88	0.29	
105	G	678	671	37726.1	671	13535.25	24190.85	0.34	
106	C	670	662	50275.53	663	18294.27	31981.26	0.45	
107	G	662	654	27594.1	656	10869.7	16724.41	0.24	
108	A	655	645	30329.6	643	6838.95	23490.65	0.33	
109	C	646	636	63042.52	636	20641.35	42401.17	0.6	
110	A	635	627	61528.65	628	8870.53	52658.12	0.75	
111	G	628	620	36308.65	620	8662.63	27646.02	0.39	
112	A	621	611	15297.87	607	5441.2	9856.67	0.14	
113	C	608	602	59722.27	602	19170.77	40551.49	0.57	
114	U	601	594	26045.74	594	5998.46	20047.28	0.28	
115	G	593	586	30429.97	587	4830.13	25599.84	0.36	
116	C	586	577	34718.62	578	7809.4	26909.22	0.38	
117	A	577	567	37304.59	567	11169.87	26134.72	0.37	
118	C	568	559	49849.7	559	18346.89	31502.82	0.45	
119	G	558	552	54237.44	553	19037.71	35199.73	0.5	
120	G	552	545	15069.4	545	4431.28	10638.12	0.15	
121	C	544	536	10922.08	537	2505.48	8416.6	0.12	
122	C	535	526	21687.43	527	9076.41	12611.01	0.18	
123	C	526	518	28609.98	518	12326.96	16283.03	0.23	
124	U	517	510	19642.96	511	5596.31	14046.65	0.2	
125	G	510	503	9896.48	504	1768.72	8127.76	0.12	
126	C	503	494	28671.17	494	13489.12	15182.05	0.22	
127	C	494	485	80587.35	486	37899.69	42687.66	0.6	
128	U	485	477	46670.27	478	13995.83	32674.44	0.46	
129	C	477	468	58978.91	468	6626.35	52352.56	0.74	
130	U	467	460	55776.43	459	6224.79	49551.63	0.7	
131	U	459	451	138424.25	451	25353.85	113070.41	1.6	
132	A	451	442	50698.18	442	4012.22	46685.96	0.66	
133	G	441	434	21776.38	435	4886.0	16890.39	0.24	
134	G	434	427	21432.67	428	7601.93	13830.74	0.2	
135	U	427	420	6910.38	420	2203.77	4706.62	0.07	
136	G	419	413	8032.58	413	3231.98	4800.6	0.07	
137	U	412	405	11804.83	405	5582.48	6222.36	0.09	
138	G	404	398	15010.12	398	7538.94	7471.19	0.11	
139	U	397	391	25995.46	391	11752.49	14242.97	0.2	
140	U	390	383	22559.98	383	8734.83	13825.15	0.2	
141	C	383	374	12643.69	374	3155.03	9488.65	0.13	
142	A	374	366	25480.81	366	6850.48	18630.34	0.26	
143	A	366	357	44926.03	356	14523.25	30402.78	0.43	
144	U	356	351	83941.93	350	21716.07	62225.86	0.88	
145	G	349	344	38800.14	343	5608.52	33191.62	0.47	
146	A	343	336	63787.34	335	11043.95	52743.39	0.75	
147	A	335	327	52170.1	326	12250.76	39919.35	0.57	
148	C	326	318	37987.3	318	16874.93	21112.37	0.3	
149	A	318	310	25881.96	309	11311.65	14570.3	0.21	
150	G	309	303	20612.06	302	8230.49	12381.57	0.18	
151	U	302	296	11839.88	295	3781.96	8057.91	0.11	
152	C	294	288	44576.39	287	21284.84	23291.55	0.33	
153	G	287	281	4914.72	279	2016.8	2897.92	0.04	
154	U	279	274	15255.61	273	5625.78	9629.84	0.14	
155	U	273	266	11121.39	265	4309.86	6811.53	0.1	
156	C	265	257	27416.88	256	15680.91	11735.97	0.17	
157	C	256	249	44052.54	249	20344.64	23707.9	0.34	
158	G	249	241	6459.62	242	4417.93	2041.68	0.03	
159	A	241	233	29912.78	233	11446.06	18466.72	0.26	
160	A	232	223	31804.25	224	13431.87	18372.38	0.26	
161	A	224	216	8216.85	217	0.37	8216.48	0.12	
162	G	215	210	19964.05	210	8555.84	11408.21	0.16	
163	G	209	204	26352.73	204	12290.86	14061.87	0.2	
164	A	204	196	39209.1	196	16520.85	22688.26	0.32	
165	A	196	188	91658.56	188	42418.67	49239.89	0.7	
166	G	189	183	459879.24	183	210566.68	249312.56	3.53	
167	C	183	176	135076.41	175	46653.75	88422.65	1.25	
168	A	175	168	84411.66	166	34287.68	50123.98	0.71	
169	U	166	160	462559.16	160	191518.4	271040.76	3.84	
170	C	159	152	110057.08	155	79943.47	30113.62	0.43	
171	C	150	143	79088.32	142	32943.82	46144.5	0.65	
172	G	141	136	30267.61	136	10034.71	20232.9	0.29	
173	G	130	126	34274.04	126	9695.67	24578.37	0.35	
174	U	124	118	47509.89	118	11335.2	36174.69	0.51	
175	A	116	111	44027.53	111	15469.89	28557.64	0.4	
176	U	110	102	29495.82	102	10028.22	19467.6	0.28	
177	C	101	94	7621.49	91	2.88	7618.61	0.11	
178	C	95	86	23042.57	86	12845.32	10197.26	0.14	
179	C	85	78	32831.78	78	13513.04	19318.74	0.27	
180	A	78	70	19597.53	70	6515.83	13081.7	0.19	
181	A	70	65	25785.5	65	11118.82	14666.67	0.21	
182	G	66	58	27564.15	59	7219.55	20344.6	0.29	
183	A	58	51	74035.05	51	39414.93	34620.13	0.49	
184	C	51	44	39770.83	44	18486.29	21284.54	0.3	
185	A	44	36	28427.32	37	9720.88	18706.44	0.27	
186	A	36	30	39796.52	30	22974.78	16821.73	0.24	
187	U	29	24	53246.28	23	26598.82	26647.45	0.38	
