seqNum	seqRNA	posSeq	posRX	areaRX	posBG	areaBG	areaDiff	normDiff	
5	G	1876	1860	28635.19	1864	6347.91	22287.28	0.35	
6	G	1866	1851	65548.81	1853	5058.63	60490.19	0.95	
7	G	1854	1840	34575.57	1840	4725.7	29849.88	0.47	
8	U	1844	1829	50294.69	1828	10553.5	39741.19	0.63	
9	U	1833	1818	68400.9	1817	15701.34	52699.55	0.83	
10	G	1821	1808	70574.15	1806	17538.48	53035.68	0.84	
11	G	1812	1798	96744.53	1797	26957.19	69787.34	1.1	
12	G	1801	1790	134676.01	1789	42208.62	92467.4	1.46	
13	A	1791	1780	114812.26	1780	32484.84	82327.43	1.3	
14	A	1780	1768	72428.13	1768	15103.3	57324.83	0.9	
15	G	1767	1758	18121.11	1758	5623.44	12497.67	0.2	
16	U	1757	1747	24084.17	1747	7552.16	16532.01	0.26	
17	A	1747	1734	13465.28	1734	4440.28	9025.01	0.14	
18	U	1732	1723	7914.67	1723	2751.54	5163.14	0.08	
19	C	1721	1711	21697.14	1711	6885.11	14812.02	0.23	
20	A	1708	1699	12916.73	1698	4344.27	8572.45	0.14	
21	U	1695	1687	26535.41	1687	9596.94	16938.46	0.27	
22	G	1683	1677	7888.48	1676	3145.4	4743.08	0.07	
23	G	1672	1666	7249.37	1665	2655.07	4594.3	0.07	
24	C	1662	1655	28502.9	1654	11399.5	17103.4	0.27	
25	U	1649	1644	24203.37	1644	6603.89	17599.49	0.28	
26	A	1638	1633	41243.14	1632	9948.4	31294.74	0.49	
27	A	1627	1621	23980.87	1619	14969.62	9011.25	0.14	
28	U	1614	1610	25562.05	1612	26471.69	-909.64	-0.01	
29	C	1603	1597	42103.12	1598	16757.54	25345.58	0.4	
30	A	1593	1584	16560.06	1585	3565.08	12994.98	0.2	
31	C	1582	1572	15656.21	1572	5049.72	10606.49	0.17	
32	C	1570	1560	39684.77	1561	12332.82	27351.95	0.43	
33	A	1559	1548	6403.84	1549	2073.0	4330.84	0.07	
34	U	1546	1537	21428.84	1538	8463.24	12965.6	0.2	
35	G	1535	1528	27932.98	1525	34374.15	-6441.17	-0.1	
36	A	1527	1517	13745.02	1518	18357.28	-4612.26	-0.07	
37	U	1515	1506	16979.3	1506	8858.57	8120.73	0.13	
38	G	1503	1496	21159.91	1496	9475.44	11684.47	0.18	
39	C	1494	1485	28851.1	1485	15984.18	12866.92	0.2	
40	A	1482	1474	39221.32	1473	11625.39	27595.93	0.43	
41	A	1471	1461	26296.89	1460	5883.18	20413.71	0.32	
42	U	1458	1450	21887.3	1448	5329.48	16557.82	0.26	
43	C	1448	1437	49684.37	1436	24719.61	24964.76	0.39	
44	G	1435	1426	19382.14	1425	7868.53	11513.61	0.18	
45	G	1425	1418	74753.37	1416	23594.62	51158.75	0.81	
46	G	1416	1408	91891.76	1407	37836.5	54055.25	0.85	
47	U	1406	1398	26669.88	1397	8221.03	18448.85	0.29	
48	U	1395	1388	24779.82	1387	7577.58	17202.24	0.27	
49	G	1386	1379	8441.76	1377	3604.28	4837.48	0.08	
50	A	1376	1367	11982.67	1367	5890.84	6091.83	0.1	
51	A	1366	1355	15276.11	1356	6576.32	8699.79	0.14	
52	C	1354	1345	59719.59	1345	29498.03	30221.56	0.48	
53	A	1344	1334	19527.0	1334	6449.83	13077.17	0.21	
54	C	1333	1323	12513.73	1323	6002.75	6510.98	0.1	
55	U	1321	1313	17874.63	1312	7456.7	10417.92	0.16	
56	U	1311	1302	28865.03	1302	8907.25	19957.78	0.31	
57	A	1301	1290	57221.93	1290	12074.95	45146.98	0.71	
58	A	1290	1279	188641.95	1279	67800.39	120841.56	1.9	
59	U	1278	1269	100081.66	1269	51304.86	48776.8	0.77	
60	U	1268	1258	20958.3	1258	5130.02	15828.28	0.25	
61	G	1257	1248	20273.89	1247	4073.78	16200.11	0.26	
62	G	1248	1239	62943.05	1239	18014.95	44928.1	0.71	
63	G	1238	1230	265437.86	1230	95315.24	170122.62	2.68	
64	U	1229	1220	44968.11	1220	11865.28	33102.83	0.52	
65	U	1219	1211	94620.8	1211	28389.83	66230.97	1.04	
66	A	1210	1200	158868.41	1200	44465.84	114402.57	1.8	
67	A	1200	1190	31866.33	1190	8731.21	23135.12	0.36	
68	A	1189	1179	35123.37	1179	7010.78	28112.59	0.44	
69	A	1177	1167	25673.1	1166	3208.01	22465.09	0.35	
70	C	1165	1156	46086.49	1155	18210.87	27875.62	0.44	
71	G	1153	1146	17327.27	1146	5137.11	12190.17	0.19	
72	G	1143	1137	26198.51	1137	5949.56	20248.95	0.32	
73	U	1134	1127	11619.34	1127	1853.73	9765.61	0.15	
74	G	1123	1118	10878.13	1117	2863.76	8014.37	0.13	
75	G	1113	1109	15147.25	1108	6643.73	8503.52	0.13	
76	G	1105	1101	74803.18	1100	30629.44	44173.74	0.7	
77	G	1096	1092	75716.89	1091	31753.43	43963.46	0.69	
78	G	1087	1083	92253.24	1082	17169.79	75083.46	1.18	
79	A	1079	1072	212119.93	1071	6599.56	205520.37	3.24	
80	C	1068	1060	144167.74	1060	20825.54	123342.2	1.94	
81	G	1057	1051	51352.48	1051	10325.74	41026.74	0.65	
82	A	1049	1039	41283.32	1039	6245.72	35037.6	0.55	
83	U	1038	1029	56921.11	1028	5038.6	51882.52	0.82	
84	C	1028	1018	64311.8	1018	33585.52	30726.28	0.48	
85	C	1018	1008	105941.42	1008	57990.87	47950.56	0.76	
86	C	1007	997	405574.91	998	242979.76	162595.15	2.56	
87	G	997	988	34061.2	988	20386.06	13675.14	0.22	
88	U	987	980	20804.06	981	5532.14	15271.92	0.24	
89	A	979	970	30480.36	971	4772.15	25708.21	0.41	
90	A	969	961	25519.76	960	3410.84	22108.92	0.35	
91	C	960	950	44370.44	951	8645.71	35724.72	0.56	
92	A	949	940	226325.7	940	4098.41	222227.29	3.5	
93	U	938	930	66023.2	930	2408.68	63614.51	1.0	
94	C	930	920	21004.88	919	4551.72	16453.16	0.26	
95	C	919	909	45543.06	909	20981.88	24561.18	0.39	
96	G	908	900	31528.47	900	9753.39	21775.07	0.34	
97	U	899	891	12480.63	891	2036.17	10444.46	0.16	
98	C	890	881	15174.22	880	4263.06	10911.16	0.17	
99	C	880	870	17132.02	870	4856.93	12275.1	0.19	
100	U	869	861	22461.37	861	4788.16	17673.21	0.28	
101	A	860	850	32813.87	850	5298.72	27515.15	0.43	
102	A	850	839	20008.01	838	3319.92	16688.09	0.26	
103	C	839	827	31289.07	827	13673.88	17615.18	0.28	
104	G	827	819	13977.84	818	5203.58	8774.26	0.14	
105	G	819	810	18279.98	810	6291.24	11988.74	0.19	
106	C	810	800	36768.56	800	13348.76	23419.8	0.37	
107	G	800	791	20096.32	791	6583.15	13513.17	0.21	
108	A	791	781	26887.12	781	4989.43	21897.69	0.35	
109	C	781	771	47902.5	771	18725.97	29176.53	0.46	
110	A	771	760	86711.69	761	7271.73	79439.96	1.25	
111	G	761	752	21681.72	753	5397.88	16283.83	0.26	
112	A	753	742	9577.2	743	2263.75	7313.45	0.12	
113	C	742	732	48987.01	733	19060.7	29926.3	0.47	
114	U	732	723	15790.46	724	4056.8	11733.66	0.18	
115	G	722	715	14688.16	715	2062.75	12625.41	0.2	
116	C	715	706	34958.17	706	14346.78	20611.38	0.32	
117	A	705	696	27561.92	696	5782.69	21779.23	0.34	
118	C	695	687	95325.46	686	40756.2	54569.26	0.86	
119	G	684	679	27656.02	678	6185.72	21470.29	0.34	
120	G	676	671	9889.19	671	2713.16	7176.03	0.11	
121	C	668	661	5247.67	660	2569.76	2677.91	0.04	
122	C	658	649	24383.77	649	13761.14	10622.64	0.17	
123	C	648	639	31533.37	638	20414.27	11119.1	0.18	
124	U	637	629	9321.1	628	5275.57	4045.53	0.06	
125	G	628	620	5907.94	619	4962.73	945.21	0.01	
126	C	620	610	93478.85	610	46541.19	46937.66	0.74	
127	C	610	601	425858.07	601	253205.46	172652.61	2.72	
128	U	600	591	62421.69	591	25701.0	36720.69	0.58	
129	C	590	581	76632.82	581	5824.14	70808.68	1.12	
130	U	580	572	67145.75	571	3769.23	63376.52	1.0	
131	U	570	562	142722.31	561	9668.13	133054.18	2.1	
132	A	560	551	67833.43	551	3747.31	64086.12	1.01	
133	G	550	543	12504.71	542	2335.46	10169.24	0.16	
134	G	541	535	8803.48	534	3354.04	5449.43	0.09	
135	U	533	527	5105.33	526	2321.63	2783.7	0.04	
136	G	525	520	4024.62	518	1258.58	2766.04	0.04	
137	U	517	511	7397.36	509	2034.74	5362.62	0.08	
138	G	509	503	8688.3	502	3061.67	5626.62	0.09	
139	U	501	494	9429.1	494	2859.6	6569.5	0.1	
140	U	492	486	11563.07	485	2478.38	9084.68	0.14	
141	C	484	476	9084.67	475	3352.05	5732.62	0.09	
142	A	474	466	17207.79	466	2594.2	14613.59	0.23	
143	A	465	456	33086.36	455	3580.95	29505.41	0.46	
144	U	454	448	43027.25	447	5950.02	37077.23	0.58	
145	G	446	441	56792.33	439	3398.8	53393.53	0.84	
146	A	439	432	65999.06	430	4388.16	61610.9	0.97	
147	A	430	422	36259.91	420	3546.15	32713.76	0.52	
148	C	420	412	24396.58	410	8741.25	15655.33	0.25	
149	A	410	402	13536.21	400	3751.15	9785.06	0.15	
150	G	400	394	7236.32	393	2498.87	4737.44	0.07	
151	U	392	386	6855.76	385	1811.3	5044.45	0.08	
152	C	384	376	30499.21	375	9954.3	20544.91	0.32	
153	G	374	368	5937.2	367	1479.05	4458.15	0.07	
154	U	366	361	11064.65	360	2272.8	8791.85	0.14	
155	U	358	352	5912.1	350	1146.49	4765.61	0.08	
156	C	349	342	13630.07	341	4475.49	9154.58	0.14	
157	C	340	331	18631.35	330	6997.84	11633.51	0.18	
158	G	330	322	14829.55	322	5858.01	8971.54	0.14	
159	A	322	313	148710.47	313	52390.05	96320.42	1.52	
160	A	312	303	26242.81	303	6508.46	19734.35	0.31	
161	A	303	293	20802.29	293	368.37	20433.92	0.32	
162	G	293	287	4808.62	283	1274.63	3533.99	0.06	
163	G	287	280	11574.44	278	4.79	11569.66	0.18	
164	A	281	271	24115.68	273	5267.09	18848.59	0.3	
165	A	272	262	36160.13	266	1693.95	34466.17	0.54	
166	G	264	256	415488.22	257	137788.03	277700.19	4.38	
167	C	257	247	119332.08	248	20222.78	99109.3	1.56	
168	A	248	238	46423.63	239	9410.85	37012.78	0.58	
169	U	238	230	488865.76	230	254735.47	234130.29	3.69	
170	C	230	221	91282.09	221	30971.75	60310.34	0.95	
171	C	220	210	43015.88	210	15123.03	27892.85	0.44	
172	G	210	204	14379.68	203	4224.31	10155.37	0.16	
173	G	203	198	15261.8	197	2563.95	12697.85	0.2	
174	U	199	192	19143.06	192	4118.7	15024.36	0.24	
175	A	192	183	36830.27	182	5198.14	31632.13	0.5	
176	U	183	175	23943.36	174	5082.17	18861.19	0.3	
177	C	176	165	15947.78	164	5295.6	10652.18	0.17	
178	C	165	157	7173.97	155	1757.73	5416.25	0.09	
179	C	157	147	23035.29	146	10200.85	12834.43	0.2	
180	A	146	139	15553.38	138	5936.45	9616.93	0.15	
181	A	137	129	16147.92	129	3475.19	12672.73	0.2	
182	G	128	124	16992.65	123	2666.9	14325.75	0.23	
183	A	123	116	11530.82	117	2102.35	9428.47	0.15	
184	C	115	108	59563.46	108	19726.51	39836.95	0.63	
185	A	106	100	34078.49	100	8510.88	25567.61	0.4	
186	A	99	92	43099.61	94	9406.66	33692.95	0.53	
187	U	91	85	72313.35	86	28086.15	44227.2	0.7	
